CT_mats := [ 2, 4, 6, 11, 16, 17, 18, 19, 22, 23, 25, 26, 28, 30, 33, 35, 40, 41, 43, 48, 49, 50, 53, 55, 57, 58, 61, 63, 67, 68, 69, 73, 74, 75, 77, 78, 79 ];
P_mats := [
[
[ 0, 0, 0, 0, 0, 0, 0, 0, 0, w, 0, 0 ],
[ 0, 0, 0, 0, 0, 0, 0, 0, w, 0, 0, 0 ],
[ w^2, 0, 0, 0, 0, 0, 0, 0, 0, 0, 0, 0 ],
[ 0, 0, 0, 0, 0, w^2, 0, 0, 0, 0, 0, 0 ],
[ 0, 0, w, 0, 0, 0, 0, 0, 0, 0, 0, 0 ],
[ 0, 0, 0, w^2, 0, 0, 0, 0, 0, 0, 0, 0 ],
[ 0, 0, 0, 0, 0, 0, 0, 0, 0, 0, 0, w^2 ],
[ 0, 0, 0, 0, 0, 0, w, 0, 0, 0, 0, 0 ],
[ 0, 0, 0, 0, 0, 0, 0, 0, 0, 0, w, 0 ],
[ 0, 0, 0, 0, 0, 0, 0, w^2, 0, 0, 0, 0 ],
[ 0, 0, 0, 0, w, 0, 0, 0, 0, 0, 0, 0 ],
[ 0, w^2, 0, 0, 0, 0, 0, 0, 0, 0, 0, 0 ]
],
[
[ w, 0, 0, 0, 0, 0, 0, 0, 0, 0, 0, 0 ],
[ 0, 0, 0, 0, 0, 0, 0, 0, 0, w, 0, 0 ],
[ 0, 0, 0, 0, 0, 0, 0, 0, 0, 0, w^2, 0 ],
[ 0, 0, 0, 0, 0, 0, 0, 0, 0, 0, 0, w^2 ],
[ 0, 0, 0, w, 0, 0, 0, 0, 0, 0, 0, 0 ],
[ 0, w^2, 0, 0, 0, 0, 0, 0, 0, 0, 0, 0 ],
[ 0, 0, 0, 0, 0, 0, w^2, 0, 0, 0, 0, 0 ],
[ 0, 0, 0, 0, 0, 0, 0, w, 0, 0, 0, 0 ],
[ 0, 0, 0, 0, 0, w, 0, 0, 0, 0, 0, 0 ],
[ 0, 0, w^2, 0, 0, 0, 0, 0, 0, 0, 0, 0 ],
[ 0, 0, 0, 0, 0, 0, 0, 0, w, 0, 0, 0 ],
[ 0, 0, 0, 0, w^2, 0, 0, 0, 0, 0, 0, 0 ]
],
[
[ 0, 0, 0, 0, 0, 0, 0, 0, 0, 0, 0, w ],
[ 0, 0, 0, 0, 0, 0, 0, 0, w, 0, 0, 0 ],
[ w^2, 0, 0, 0, 0, 0, 0, 0, 0, 0, 0, 0 ],
[ 0, 0, 0, 0, w^2, 0, 0, 0, 0, 0, 0, 0 ],
[ 0, 0, 0, 0, 0, 0, w, 0, 0, 0, 0, 0 ],
[ 0, 0, w^2, 0, 0, 0, 0, 0, 0, 0, 0, 0 ],
[ 0, 0, 0, 0, 0, 0, 0, w^2, 0, 0, 0, 0 ],
[ 0, 0, 0, 0, 0, 0, 0, 0, 0, 0, w, 0 ],
[ 0, w, 0, 0, 0, 0, 0, 0, 0, 0, 0, 0 ],
[ 0, 0, 0, w^2, 0, 0, 0, 0, 0, 0, 0, 0 ],
[ 0, 0, 0, 0, 0, 0, 0, 0, 0, w, 0, 0 ],
[ 0, 0, 0, 0, 0, w^2, 0, 0, 0, 0, 0, 0 ]
],
[
[ w, 0, 0, 0, 0, 0, 0, 0, 0, 0, 0, 0 ],
[ 0, 0, 0, 0, 0, 0, 0, 0, 0, 0, w, 0 ],
[ 0, 0, 0, 0, w^2, 0, 0, 0, 0, 0, 0, 0 ],
[ 0, 0, 0, w^2, 0, 0, 0, 0, 0, 0, 0, 0 ],
[ 0, 0, 0, 0, 0, 0, w, 0, 0, 0, 0, 0 ],
[ 0, 0, 0, 0, 0, 0, 0, 0, 0, w^2, 0, 0 ],
[ 0, 0, 0, 0, 0, 0, 0, 0, 0, 0, 0, w^2 ],
[ 0, 0, 0, 0, 0, 0, 0, w, 0, 0, 0, 0 ],
[ 0, 0, 0, 0, 0, 0, 0, 0, w, 0, 0, 0 ],
[ 0, 0, w^2, 0, 0, 0, 0, 0, 0, 0, 0, 0 ],
[ 0, w, 0, 0, 0, 0, 0, 0, 0, 0, 0, 0 ],
[ 0, 0, 0, 0, 0, w^2, 0, 0, 0, 0, 0, 0 ]
],
[
[ 0, 0, 0, w, 0, 0, 0, 0, 0, 0, 0, 0 ],
[ 0, 0, 0, 0, 0, 0, 0, w, 0, 0, 0, 0 ],
[ w^2, 0, 0, 0, 0, 0, 0, 0, 0, 0, 0, 0 ],
[ 0, w^2, 0, 0, 0, 0, 0, 0, 0, 0, 0, 0 ],
[ 0, 0, 0, 0, 0, w, 0, 0, 0, 0, 0, 0 ],
[ 0, 0, 0, 0, 0, 0, 0, 0, 0, 0, 0, w^2 ],
[ 0, 0, 0, 0, w^2, 0, 0, 0, 0, 0, 0, 0 ],
[ 0, 0, 0, 0, 0, 0, 0, 0, 0, 0, w, 0 ],
[ 0, 0, 0, 0, 0, 0, 0, 0, 0, w, 0, 0 ],
[ 0, 0, 0, 0, 0, 0, 0, 0, w^2, 0, 0, 0 ],
[ 0, 0, 0, 0, 0, 0, w, 0, 0, 0, 0, 0 ],
[ 0, 0, w^2, 0, 0, 0, 0, 0, 0, 0, 0, 0 ]
],
[
[ w, 0, 0, 0, 0, 0, 0, 0, 0, 0, 0, 0 ],
[ 0, 0, 0, 0, 0, 0, 0, 0, 0, 0, w, 0 ],
[ 0, 0, 0, 0, w^2, 0, 0, 0, 0, 0, 0, 0 ],
[ 0, w^2, 0, 0, 0, 0, 0, 0, 0, 0, 0, 0 ],
[ 0, 0, 0, 0, 0, 0, w, 0, 0, 0, 0, 0 ],
[ 0, 0, 0, 0, 0, 0, 0, 0, 0, w^2, 0, 0 ],
[ 0, 0, 0, 0, 0, 0, 0, 0, 0, 0, 0, w^2 ],
[ 0, 0, w, 0, 0, 0, 0, 0, 0, 0, 0, 0 ],
[ 0, 0, 0, 0, 0, w, 0, 0, 0, 0, 0, 0 ],
[ 0, 0, 0, 0, 0, 0, 0, w^2, 0, 0, 0, 0 ],
[ 0, 0, 0, 0, 0, 0, 0, 0, w, 0, 0, 0 ],
[ 0, 0, 0, w^2, 0, 0, 0, 0, 0, 0, 0, 0 ]
],
[
[ w, 0, 0, 0, 0, 0, 0, 0, 0, 0, 0, 0 ],
[ 0, 0, 0, 0, 0, 0, 0, 0, 0, 0, 0, w ],
[ 0, w^2, 0, 0, 0, 0, 0, 0, 0, 0, 0, 0 ],
[ 0, 0, 0, 0, 0, 0, 0, 0, w^2, 0, 0, 0 ],
[ 0, 0, 0, 0, 0, w, 0, 0, 0, 0, 0, 0 ],
[ 0, 0, 0, 0, 0, 0, 0, 0, 0, 0, w^2, 0 ],
[ 0, 0, 0, 0, w^2, 0, 0, 0, 0, 0, 0, 0 ],
[ 0, 0, 0, 0, 0, 0, 0, 0, 0, w, 0, 0 ],
[ 0, 0, w, 0, 0, 0, 0, 0, 0, 0, 0, 0 ],
[ 0, 0, 0, 0, 0, 0, 0, w^2, 0, 0, 0, 0 ],
[ 0, 0, 0, 0, 0, 0, w, 0, 0, 0, 0, 0 ],
[ 0, 0, 0, w^2, 0, 0, 0, 0, 0, 0, 0, 0 ]
],
[
[ 0, 0, 0, 0, 0, 0, w, 0, 0, 0, 0, 0 ],
[ 0, 0, 0, 0, 0, 0, 0, 0, 0, 0, w, 0 ],
[ w^2, 0, 0, 0, 0, 0, 0, 0, 0, 0, 0, 0 ],
[ 0, 0, 0, 0, 0, 0, 0, 0, 0, w^2, 0, 0 ],
[ 0, w, 0, 0, 0, 0, 0, 0, 0, 0, 0, 0 ],
[ 0, 0, 0, w^2, 0, 0, 0, 0, 0, 0, 0, 0 ],
[ 0, 0, w^2, 0, 0, 0, 0, 0, 0, 0, 0, 0 ],
[ 0, 0, 0, 0, w, 0, 0, 0, 0, 0, 0, 0 ],
[ 0, 0, 0, 0, 0, w, 0, 0, 0, 0, 0, 0 ],
[ 0, 0, 0, 0, 0, 0, 0, w^2, 0, 0, 0, 0 ],
[ 0, 0, 0, 0, 0, 0, 0, 0, w, 0, 0, 0 ],
[ 0, 0, 0, 0, 0, 0, 0, 0, 0, 0, 0, w^2 ]
],
[
[ 0, 0, w, 0, 0, 0, 0, 0, 0, 0, 0, 0 ],
[ 0, 0, 0, 0, 0, 0, w, 0, 0, 0, 0, 0 ],
[ w^2, 0, 0, 0, 0, 0, 0, 0, 0, 0, 0, 0 ],
[ 0, 0, 0, 0, w^2, 0, 0, 0, 0, 0, 0, 0 ],
[ 0, 0, 0, 0, 0, w, 0, 0, 0, 0, 0, 0 ],
[ 0, 0, 0, 0, 0, 0, 0, 0, 0, 0, w^2, 0 ],
[ 0, 0, 0, 0, 0, 0, 0, w^2, 0, 0, 0, 0 ],
[ 0, 0, 0, 0, 0, 0, 0, 0, w, 0, 0, 0 ],
[ 0, w, 0, 0, 0, 0, 0, 0, 0, 0, 0, 0 ],
[ 0, 0, 0, w^2, 0, 0, 0, 0, 0, 0, 0, 0 ],
[ 0, 0, 0, 0, 0, 0, 0, 0, 0, 0, 0, w ],
[ 0, 0, 0, 0, 0, 0, 0, 0, 0, w^2, 0, 0 ]
],
[
[ 0, 0, 0, 0, 0, w, 0, 0, 0, 0, 0, 0 ],
[ 0, 0, 0, 0, 0, 0, w, 0, 0, 0, 0, 0 ],
[ w^2, 0, 0, 0, 0, 0, 0, 0, 0, 0, 0, 0 ],
[ 0, 0, 0, 0, 0, 0, 0, 0, 0, 0, w^2, 0 ],
[ 0, w, 0, 0, 0, 0, 0, 0, 0, 0, 0, 0 ],
[ 0, 0, w^2, 0, 0, 0, 0, 0, 0, 0, 0, 0 ],
[ 0, 0, 0, 0, 0, 0, 0, 0, w^2, 0, 0, 0 ],
[ 0, 0, 0, 0, 0, 0, 0, 0, 0, 0, 0, w ],
[ 0, 0, 0, 0, w, 0, 0, 0, 0, 0, 0, 0 ],
[ 0, 0, 0, 0, 0, 0, 0, w^2, 0, 0, 0, 0 ],
[ 0, 0, 0, 0, 0, 0, 0, 0, 0, w, 0, 0 ],
[ 0, 0, 0, w^2, 0, 0, 0, 0, 0, 0, 0, 0 ]
],
[
[ 0, 0, 0, 0, 0, 0, 0, 0, 0, w, 0, 0 ],
[ 0, 0, 0, 0, 0, 0, 0, 0, w, 0, 0, 0 ],
[ w^2, 0, 0, 0, 0, 0, 0, 0, 0, 0, 0, 0 ],
[ 0, 0, 0, 0, 0, w^2, 0, 0, 0, 0, 0, 0 ],
[ 0, 0, 0, 0, 0, 0, 0, 0, 0, 0, 0, w ],
[ 0, 0, 0, 0, 0, 0, 0, w^2, 0, 0, 0, 0 ],
[ 0, 0, 0, 0, 0, 0, w^2, 0, 0, 0, 0, 0 ],
[ 0, 0, w, 0, 0, 0, 0, 0, 0, 0, 0, 0 ],
[ 0, 0, 0, w, 0, 0, 0, 0, 0, 0, 0, 0 ],
[ 0, w^2, 0, 0, 0, 0, 0, 0, 0, 0, 0, 0 ],
[ 0, 0, 0, 0, w, 0, 0, 0, 0, 0, 0, 0 ],
[ 0, 0, 0, 0, 0, 0, 0, 0, 0, 0, w^2, 0 ]
],
[
[ w, 0, 0, 0, 0, 0, 0, 0, 0, 0, 0, 0 ],
[ 0, 0, 0, 0, 0, w, 0, 0, 0, 0, 0, 0 ],
[ 0, 0, w^2, 0, 0, 0, 0, 0, 0, 0, 0, 0 ],
[ 0, 0, 0, 0, 0, 0, 0, 0, 0, 0, w^2, 0 ],
[ 0, w, 0, 0, 0, 0, 0, 0, 0, 0, 0, 0 ],
[ 0, 0, 0, 0, 0, 0, 0, 0, 0, w^2, 0, 0 ],
[ 0, 0, 0, 0, 0, 0, 0, 0, 0, 0, 0, w^2 ],
[ 0, 0, 0, 0, 0, 0, 0, 0, w, 0, 0, 0 ],
[ 0, 0, 0, 0, w, 0, 0, 0, 0, 0, 0, 0 ],
[ 0, 0, 0, 0, 0, 0, w^2, 0, 0, 0, 0, 0 ],
[ 0, 0, 0, 0, 0, 0, 0, w, 0, 0, 0, 0 ],
[ 0, 0, 0, w^2, 0, 0, 0, 0, 0, 0, 0, 0 ]
],
[
[ w, 0, 0, 0, 0, 0, 0, 0, 0, 0, 0, 0 ],
[ 0, 0, 0, 0, 0, 0, 0, 0, 0, w, 0, 0 ],
[ 0, 0, 0, 0, w^2, 0, 0, 0, 0, 0, 0, 0 ],
[ 0, w^2, 0, 0, 0, 0, 0, 0, 0, 0, 0, 0 ],
[ 0, 0, 0, 0, 0, 0, 0, 0, 0, 0, w, 0 ],
[ 0, 0, 0, 0, 0, w^2, 0, 0, 0, 0, 0, 0 ],
[ 0, 0, 0, w^2, 0, 0, 0, 0, 0, 0, 0, 0 ],
[ 0, 0, w, 0, 0, 0, 0, 0, 0, 0, 0, 0 ],
[ 0, 0, 0, 0, 0, 0, w, 0, 0, 0, 0, 0 ],
[ 0, 0, 0, 0, 0, 0, 0, 0, w^2, 0, 0, 0 ],
[ 0, 0, 0, 0, 0, 0, 0, 0, 0, 0, 0, w ],
[ 0, 0, 0, 0, 0, 0, 0, w^2, 0, 0, 0, 0 ]
],
[
[ w, 0, 0, 0, 0, 0, 0, 0, 0, 0, 0, 0 ],
[ 0, 0, 0, 0, 0, 0, 0, w, 0, 0, 0, 0 ],
[ 0, 0, w^2, 0, 0, 0, 0, 0, 0, 0, 0, 0 ],
[ 0, 0, 0, w^2, 0, 0, 0, 0, 0, 0, 0, 0 ],
[ 0, w, 0, 0, 0, 0, 0, 0, 0, 0, 0, 0 ],
[ 0, 0, 0, 0, 0, 0, 0, 0, 0, 0, 0, w^2 ],
[ 0, 0, 0, 0, 0, 0, 0, 0, w^2, 0, 0, 0 ],
[ 0, 0, 0, 0, 0, 0, w, 0, 0, 0, 0, 0 ],
[ 0, 0, 0, 0, 0, 0, 0, 0, 0, 0, w, 0 ],
[ 0, 0, 0, 0, 0, 0, 0, 0, 0, w^2, 0, 0 ],
[ 0, 0, 0, 0, 0, w, 0, 0, 0, 0, 0, 0 ],
[ 0, 0, 0, 0, w^2, 0, 0, 0, 0, 0, 0, 0 ]
],
[
[ w, 0, 0, 0, 0, 0, 0, 0, 0, 0, 0, 0 ],
[ 0, w, 0, 0, 0, 0, 0, 0, 0, 0, 0, 0 ],
[ 0, 0, 0, 0, 0, 0, 0, 0, w^2, 0, 0, 0 ],
[ 0, 0, 0, 0, 0, 0, 0, w^2, 0, 0, 0, 0 ],
[ 0, 0, 0, 0, 0, 0, w, 0, 0, 0, 0, 0 ],
[ 0, 0, 0, 0, 0, 0, 0, 0, 0, 0, w^2, 0 ],
[ 0, 0, 0, w^2, 0, 0, 0, 0, 0, 0, 0, 0 ],
[ 0, 0, 0, 0, 0, 0, 0, 0, 0, 0, 0, w ],
[ 0, 0, 0, 0, 0, w, 0, 0, 0, 0, 0, 0 ],
[ 0, 0, w^2, 0, 0, 0, 0, 0, 0, 0, 0, 0 ],
[ 0, 0, 0, 0, w, 0, 0, 0, 0, 0, 0, 0 ],
[ 0, 0, 0, 0, 0, 0, 0, 0, 0, w^2, 0, 0 ]
],
[
[ w, 0, 0, 0, 0, 0, 0, 0, 0, 0, 0, 0 ],
[ 0, 0, 0, w, 0, 0, 0, 0, 0, 0, 0, 0 ],
[ 0, 0, 0, 0, 0, 0, 0, w^2, 0, 0, 0, 0 ],
[ 0, 0, 0, 0, 0, 0, w^2, 0, 0, 0, 0, 0 ],
[ 0, 0, 0, 0, 0, 0, 0, 0, 0, w, 0, 0 ],
[ 0, 0, w^2, 0, 0, 0, 0, 0, 0, 0, 0, 0 ],
[ 0, w^2, 0, 0, 0, 0, 0, 0, 0, 0, 0, 0 ],
[ 0, 0, 0, 0, 0, w, 0, 0, 0, 0, 0, 0 ],
[ 0, 0, 0, 0, w, 0, 0, 0, 0, 0, 0, 0 ],
[ 0, 0, 0, 0, 0, 0, 0, 0, 0, 0, w^2, 0 ],
[ 0, 0, 0, 0, 0, 0, 0, 0, w, 0, 0, 0 ],
[ 0, 0, 0, 0, 0, 0, 0, 0, 0, 0, 0, w^2 ]
],
[
[ w, 0, 0, 0, 0, 0, 0, 0, 0, 0, 0, 0 ],
[ 0, 0, 0, w, 0, 0, 0, 0, 0, 0, 0, 0 ],
[ 0, 0, 0, 0, 0, 0, w^2, 0, 0, 0, 0, 0 ],
[ 0, w^2, 0, 0, 0, 0, 0, 0, 0, 0, 0, 0 ],
[ 0, 0, 0, 0, 0, 0, 0, 0, 0, 0, w, 0 ],
[ 0, 0, 0, 0, 0, 0, 0, 0, w^2, 0, 0, 0 ],
[ 0, 0, 0, 0, 0, w^2, 0, 0, 0, 0, 0, 0 ],
[ 0, 0, 0, 0, 0, 0, 0, w, 0, 0, 0, 0 ],
[ 0, 0, 0, 0, 0, 0, 0, 0, 0, w, 0, 0 ],
[ 0, 0, 0, 0, w^2, 0, 0, 0, 0, 0, 0, 0 ],
[ 0, 0, w, 0, 0, 0, 0, 0, 0, 0, 0, 0 ],
[ 0, 0, 0, 0, 0, 0, 0, 0, 0, 0, 0, w^2 ]
],
[
[ 0, 0, 0, 0, 0, 0, 0, 0, 0, 0, 0, w ],
[ 0, 0, 0, 0, w, 0, 0, 0, 0, 0, 0, 0 ],
[ w^2, 0, 0, 0, 0, 0, 0, 0, 0, 0, 0, 0 ],
[ 0, 0, 0, 0, 0, 0, 0, 0, w^2, 0, 0, 0 ],
[ 0, 0, 0, 0, 0, 0, 0, 0, 0, 0, w, 0 ],
[ 0, w^2, 0, 0, 0, 0, 0, 0, 0, 0, 0, 0 ],
[ 0, 0, 0, 0, 0, 0, w^2, 0, 0, 0, 0, 0 ],
[ 0, 0, 0, 0, 0, w, 0, 0, 0, 0, 0, 0 ],
[ 0, 0, 0, w, 0, 0, 0, 0, 0, 0, 0, 0 ],
[ 0, 0, w^2, 0, 0, 0, 0, 0, 0, 0, 0, 0 ],
[ 0, 0, 0, 0, 0, 0, 0, w, 0, 0, 0, 0 ],
[ 0, 0, 0, 0, 0, 0, 0, 0, 0, w^2, 0, 0 ]
],
[
[ 0, 0, 0, w, 0, 0, 0, 0, 0, 0, 0, 0 ],
[ 0, 0, 0, 0, 0, 0, 0, 0, w, 0, 0, 0 ],
[ w^2, 0, 0, 0, 0, 0, 0, 0, 0, 0, 0, 0 ],
[ 0, 0, 0, 0, 0, 0, 0, 0, 0, w^2, 0, 0 ],
[ 0, 0, 0, 0, 0, 0, 0, 0, 0, 0, 0, w ],
[ 0, 0, 0, 0, 0, w^2, 0, 0, 0, 0, 0, 0 ],
[ 0, 0, 0, 0, 0, 0, 0, 0, 0, 0, w^2, 0 ],
[ 0, 0, 0, 0, 0, 0, 0, w, 0, 0, 0, 0 ],
[ 0, w, 0, 0, 0, 0, 0, 0, 0, 0, 0, 0 ],
[ 0, 0, 0, 0, 0, 0, w^2, 0, 0, 0, 0, 0 ],
[ 0, 0, w, 0, 0, 0, 0, 0, 0, 0, 0, 0 ],
[ 0, 0, 0, 0, w^2, 0, 0, 0, 0, 0, 0, 0 ]
],
[
[ 0, 0, w, 0, 0, 0, 0, 0, 0, 0, 0, 0 ],
[ 0, 0, 0, 0, 0, 0, 0, 0, 0, 0, 0, w ],
[ w^2, 0, 0, 0, 0, 0, 0, 0, 0, 0, 0, 0 ],
[ 0, w^2, 0, 0, 0, 0, 0, 0, 0, 0, 0, 0 ],
[ 0, 0, 0, w, 0, 0, 0, 0, 0, 0, 0, 0 ],
[ 0, 0, 0, 0, 0, w^2, 0, 0, 0, 0, 0, 0 ],
[ 0, 0, 0, 0, 0, 0, w^2, 0, 0, 0, 0, 0 ],
[ 0, 0, 0, 0, 0, 0, 0, w, 0, 0, 0, 0 ],
[ 0, 0, 0, 0, 0, 0, 0, 0, 0, 0, w, 0 ],
[ 0, 0, 0, 0, 0, 0, 0, 0, w^2, 0, 0, 0 ],
[ 0, 0, 0, 0, w, 0, 0, 0, 0, 0, 0, 0 ],
[ 0, 0, 0, 0, 0, 0, 0, 0, 0, w^2, 0, 0 ]
],
[
[ 0, 0, 0, 0, 0, 0, 0, 0, w, 0, 0, 0 ],
[ 0, 0, 0, 0, 0, w, 0, 0, 0, 0, 0, 0 ],
[ w^2, 0, 0, 0, 0, 0, 0, 0, 0, 0, 0, 0 ],
[ 0, 0, 0, 0, 0, 0, 0, 0, 0, 0, 0, w^2 ],
[ 0, w, 0, 0, 0, 0, 0, 0, 0, 0, 0, 0 ],
[ 0, 0, 0, 0, 0, 0, 0, 0, 0, w^2, 0, 0 ],
[ 0, 0, 0, 0, w^2, 0, 0, 0, 0, 0, 0, 0 ],
[ 0, 0, 0, 0, 0, 0, w, 0, 0, 0, 0, 0 ],
[ 0, 0, 0, 0, 0, 0, 0, w, 0, 0, 0, 0 ],
[ 0, 0, 0, w^2, 0, 0, 0, 0, 0, 0, 0, 0 ],
[ 0, 0, 0, 0, 0, 0, 0, 0, 0, 0, w, 0 ],
[ 0, 0, w^2, 0, 0, 0, 0, 0, 0, 0, 0, 0 ]
],
[
[ w, 0, 0, 0, 0, 0, 0, 0, 0, 0, 0, 0 ],
[ 0, 0, 0, 0, 0, 0, 0, w, 0, 0, 0, 0 ],
[ 0, 0, 0, 0, 0, 0, 0, 0, 0, w^2, 0, 0 ],
[ 0, w^2, 0, 0, 0, 0, 0, 0, 0, 0, 0, 0 ],
[ 0, 0, 0, 0, 0, 0, 0, 0, 0, 0, 0, w ],
[ 0, 0, w^2, 0, 0, 0, 0, 0, 0, 0, 0, 0 ],
[ 0, 0, 0, 0, 0, w^2, 0, 0, 0, 0, 0, 0 ],
[ 0, 0, 0, w, 0, 0, 0, 0, 0, 0, 0, 0 ],
[ 0, 0, 0, 0, 0, 0, 0, 0, 0, 0, w, 0 ],
[ 0, 0, 0, 0, 0, 0, 0, 0, w^2, 0, 0, 0 ],
[ 0, 0, 0, 0, 0, 0, w, 0, 0, 0, 0, 0 ],
[ 0, 0, 0, 0, w^2, 0, 0, 0, 0, 0, 0, 0 ]
],
[
[ w, 0, 0, 0, 0, 0, 0, 0, 0, 0, 0, 0 ],
[ 0, 0, w, 0, 0, 0, 0, 0, 0, 0, 0, 0 ],
[ 0, 0, 0, 0, 0, 0, 0, 0, 0, 0, w^2, 0 ],
[ 0, 0, 0, 0, 0, 0, w^2, 0, 0, 0, 0, 0 ],
[ 0, 0, 0, 0, w, 0, 0, 0, 0, 0, 0, 0 ],
[ 0, w^2, 0, 0, 0, 0, 0, 0, 0, 0, 0, 0 ],
[ 0, 0, 0, 0, 0, w^2, 0, 0, 0, 0, 0, 0 ],
[ 0, 0, 0, 0, 0, 0, 0, 0, 0, 0, 0, w ],
[ 0, 0, 0, 0, 0, 0, 0, 0, 0, w, 0, 0 ],
[ 0, 0, 0, 0, 0, 0, 0, 0, w^2, 0, 0, 0 ],
[ 0, 0, 0, 0, 0, 0, 0, w, 0, 0, 0, 0 ],
[ 0, 0, 0, w^2, 0, 0, 0, 0, 0, 0, 0, 0 ]
],
[
[ 0, 0, 0, w, 0, 0, 0, 0, 0, 0, 0, 0 ],
[ 0, 0, 0, 0, 0, 0, 0, 0, w, 0, 0, 0 ],
[ w^2, 0, 0, 0, 0, 0, 0, 0, 0, 0, 0, 0 ],
[ 0, 0, 0, 0, w^2, 0, 0, 0, 0, 0, 0, 0 ],
[ 0, 0, 0, 0, 0, 0, w, 0, 0, 0, 0, 0 ],
[ 0, 0, 0, 0, 0, 0, 0, w^2, 0, 0, 0, 0 ],
[ 0, 0, 0, 0, 0, 0, 0, 0, 0, 0, 0, w^2 ],
[ 0, 0, 0, 0, 0, 0, 0, 0, 0, w, 0, 0 ],
[ 0, 0, 0, 0, 0, w, 0, 0, 0, 0, 0, 0 ],
[ 0, 0, 0, 0, 0, 0, 0, 0, 0, 0, w^2, 0 ],
[ 0, 0, w, 0, 0, 0, 0, 0, 0, 0, 0, 0 ],
[ 0, w^2, 0, 0, 0, 0, 0, 0, 0, 0, 0, 0 ]
],
[
[ w, 0, 0, 0, 0, 0, 0, 0, 0, 0, 0, 0 ],
[ 0, 0, 0, w, 0, 0, 0, 0, 0, 0, 0, 0 ],
[ 0, 0, 0, 0, 0, 0, 0, 0, 0, w^2, 0, 0 ],
[ 0, w^2, 0, 0, 0, 0, 0, 0, 0, 0, 0, 0 ],
[ 0, 0, 0, 0, 0, 0, w, 0, 0, 0, 0, 0 ],
[ 0, 0, 0, 0, 0, 0, 0, w^2, 0, 0, 0, 0 ],
[ 0, 0, 0, 0, 0, w^2, 0, 0, 0, 0, 0, 0 ],
[ 0, 0, 0, 0, 0, 0, 0, 0, 0, 0, 0, w ],
[ 0, 0, 0, 0, 0, 0, 0, 0, w, 0, 0, 0 ],
[ 0, 0, 0, 0, w^2, 0, 0, 0, 0, 0, 0, 0 ],
[ 0, 0, 0, 0, 0, 0, 0, 0, 0, 0, w, 0 ],
[ 0, 0, w^2, 0, 0, 0, 0, 0, 0, 0, 0, 0 ]
],
[
[ w, 0, 0, 0, 0, 0, 0, 0, 0, 0, 0, 0 ],
[ 0, w, 0, 0, 0, 0, 0, 0, 0, 0, 0, 0 ],
[ 0, 0, 0, 0, w^2, 0, 0, 0, 0, 0, 0, 0 ],
[ 0, 0, 0, 0, 0, 0, w^2, 0, 0, 0, 0, 0 ],
[ 0, 0, w, 0, 0, 0, 0, 0, 0, 0, 0, 0 ],
[ 0, 0, 0, 0, 0, 0, 0, 0, w^2, 0, 0, 0 ],
[ 0, 0, 0, 0, 0, 0, 0, 0, 0, w^2, 0, 0 ],
[ 0, 0, 0, 0, 0, 0, 0, w, 0, 0, 0, 0 ],
[ 0, 0, 0, 0, 0, 0, 0, 0, 0, 0, 0, w ],
[ 0, 0, 0, w^2, 0, 0, 0, 0, 0, 0, 0, 0 ],
[ 0, 0, 0, 0, 0, 0, 0, 0, 0, 0, w, 0 ],
[ 0, 0, 0, 0, 0, w^2, 0, 0, 0, 0, 0, 0 ]
],
[
[ 0, 0, 0, 0, 0, 0, 0, 0, 0, 0, 0, w ],
[ 0, 0, 0, 0, w, 0, 0, 0, 0, 0, 0, 0 ],
[ w^2, 0, 0, 0, 0, 0, 0, 0, 0, 0, 0, 0 ],
[ 0, 0, 0, w^2, 0, 0, 0, 0, 0, 0, 0, 0 ],
[ 0, w, 0, 0, 0, 0, 0, 0, 0, 0, 0, 0 ],
[ 0, 0, 0, 0, 0, 0, 0, 0, w^2, 0, 0, 0 ],
[ 0, 0, w^2, 0, 0, 0, 0, 0, 0, 0, 0, 0 ],
[ 0, 0, 0, 0, 0, 0, 0, w, 0, 0, 0, 0 ],
[ 0, 0, 0, 0, 0, w, 0, 0, 0, 0, 0, 0 ],
[ 0, 0, 0, 0, 0, 0, 0, 0, 0, 0, w^2, 0 ],
[ 0, 0, 0, 0, 0, 0, 0, 0, 0, w, 0, 0 ],
[ 0, 0, 0, 0, 0, 0, w^2, 0, 0, 0, 0, 0 ]
],
[
[ w, 0, 0, 0, 0, 0, 0, 0, 0, 0, 0, 0 ],
[ 0, 0, 0, 0, 0, 0, 0, 0, w, 0, 0, 0 ],
[ 0, 0, 0, 0, w^2, 0, 0, 0, 0, 0, 0, 0 ],
[ 0, w^2, 0, 0, 0, 0, 0, 0, 0, 0, 0, 0 ],
[ 0, 0, 0, 0, 0, w, 0, 0, 0, 0, 0, 0 ],
[ 0, 0, 0, w^2, 0, 0, 0, 0, 0, 0, 0, 0 ],
[ 0, 0, w^2, 0, 0, 0, 0, 0, 0, 0, 0, 0 ],
[ 0, 0, 0, 0, 0, 0, 0, 0, 0, w, 0, 0 ],
[ 0, 0, 0, 0, 0, 0, 0, 0, 0, 0, w, 0 ],
[ 0, 0, 0, 0, 0, 0, 0, w^2, 0, 0, 0, 0 ],
[ 0, 0, 0, 0, 0, 0, w, 0, 0, 0, 0, 0 ],
[ 0, 0, 0, 0, 0, 0, 0, 0, 0, 0, 0, w^2 ]
],
[
[ w, 0, 0, 0, 0, 0, 0, 0, 0, 0, 0, 0 ],
[ 0, 0, w, 0, 0, 0, 0, 0, 0, 0, 0, 0 ],
[ 0, 0, 0, 0, 0, 0, 0, 0, 0, 0, 0, w^2 ],
[ 0, 0, 0, 0, 0, 0, w^2, 0, 0, 0, 0, 0 ],
[ 0, 0, 0, 0, 0, 0, 0, 0, 0, w, 0, 0 ],
[ 0, 0, 0, 0, w^2, 0, 0, 0, 0, 0, 0, 0 ],
[ 0, 0, 0, 0, 0, w^2, 0, 0, 0, 0, 0, 0 ],
[ 0, 0, 0, 0, 0, 0, 0, w, 0, 0, 0, 0 ],
[ 0, 0, 0, w, 0, 0, 0, 0, 0, 0, 0, 0 ],
[ 0, 0, 0, 0, 0, 0, 0, 0, w^2, 0, 0, 0 ],
[ 0, 0, 0, 0, 0, 0, 0, 0, 0, 0, w, 0 ],
[ 0, w^2, 0, 0, 0, 0, 0, 0, 0, 0, 0, 0 ]
],
[
[ w, 0, 0, 0, 0, 0, 0, 0, 0, 0, 0, 0 ],
[ 0, w, 0, 0, 0, 0, 0, 0, 0, 0, 0, 0 ],
[ 0, 0, 0, w^2, 0, 0, 0, 0, 0, 0, 0, 0 ],
[ 0, 0, 0, 0, 0, 0, w^2, 0, 0, 0, 0, 0 ],
[ 0, 0, 0, 0, 0, 0, 0, w, 0, 0, 0, 0 ],
[ 0, 0, 0, 0, w^2, 0, 0, 0, 0, 0, 0, 0 ],
[ 0, 0, w^2, 0, 0, 0, 0, 0, 0, 0, 0, 0 ],
[ 0, 0, 0, 0, 0, w, 0, 0, 0, 0, 0, 0 ],
[ 0, 0, 0, 0, 0, 0, 0, 0, w, 0, 0, 0 ],
[ 0, 0, 0, 0, 0, 0, 0, 0, 0, w^2, 0, 0 ],
[ 0, 0, 0, 0, 0, 0, 0, 0, 0, 0, w, 0 ],
[ 0, 0, 0, 0, 0, 0, 0, 0, 0, 0, 0, w^2 ]
],
[
[ 0, 0, w, 0, 0, 0, 0, 0, 0, 0, 0, 0 ],
[ 0, 0, 0, w, 0, 0, 0, 0, 0, 0, 0, 0 ],
[ w^2, 0, 0, 0, 0, 0, 0, 0, 0, 0, 0, 0 ],
[ 0, 0, 0, 0, 0, 0, 0, w^2, 0, 0, 0, 0 ],
[ 0, 0, 0, 0, 0, 0, 0, 0, w, 0, 0, 0 ],
[ 0, 0, 0, 0, w^2, 0, 0, 0, 0, 0, 0, 0 ],
[ 0, 0, 0, 0, 0, 0, 0, 0, 0, w^2, 0, 0 ],
[ 0, 0, 0, 0, 0, 0, 0, 0, 0, 0, 0, w ],
[ 0, w, 0, 0, 0, 0, 0, 0, 0, 0, 0, 0 ],
[ 0, 0, 0, 0, 0, 0, w^2, 0, 0, 0, 0, 0 ],
[ 0, 0, 0, 0, 0, w, 0, 0, 0, 0, 0, 0 ],
[ 0, 0, 0, 0, 0, 0, 0, 0, 0, 0, w^2, 0 ]
],
[
[ 0, 0, 0, 0, 0, w, 0, 0, 0, 0, 0, 0 ],
[ 0, 0, 0, 0, 0, 0, 0, 0, 0, 0, 0, w ],
[ w^2, 0, 0, 0, 0, 0, 0, 0, 0, 0, 0, 0 ],
[ 0, 0, 0, 0, 0, 0, w^2, 0, 0, 0, 0, 0 ],
[ 0, 0, w, 0, 0, 0, 0, 0, 0, 0, 0, 0 ],
[ 0, w^2, 0, 0, 0, 0, 0, 0, 0, 0, 0, 0 ],
[ 0, 0, 0, 0, 0, 0, 0, 0, w^2, 0, 0, 0 ],
[ 0, 0, 0, w, 0, 0, 0, 0, 0, 0, 0, 0 ],
[ 0, 0, 0, 0, 0, 0, 0, 0, 0, 0, w, 0 ],
[ 0, 0, 0, 0, w^2, 0, 0, 0, 0, 0, 0, 0 ],
[ 0, 0, 0, 0, 0, 0, 0, w, 0, 0, 0, 0 ],
[ 0, 0, 0, 0, 0, 0, 0, 0, 0, w^2, 0, 0 ]
],
[
[ 0, w, 0, 0, 0, 0, 0, 0, 0, 0, 0, 0 ],
[ 0, 0, 0, 0, 0, 0, 0, 0, 0, 0, 0, w ],
[ w^2, 0, 0, 0, 0, 0, 0, 0, 0, 0, 0, 0 ],
[ 0, 0, 0, 0, 0, 0, w^2, 0, 0, 0, 0, 0 ],
[ 0, 0, 0, w, 0, 0, 0, 0, 0, 0, 0, 0 ],
[ 0, 0, 0, 0, 0, 0, 0, 0, w^2, 0, 0, 0 ],
[ 0, 0, 0, 0, 0, 0, 0, w^2, 0, 0, 0, 0 ],
[ 0, 0, 0, 0, 0, w, 0, 0, 0, 0, 0, 0 ],
[ 0, 0, 0, 0, 0, 0, 0, 0, 0, 0, w, 0 ],
[ 0, 0, w^2, 0, 0, 0, 0, 0, 0, 0, 0, 0 ],
[ 0, 0, 0, 0, w, 0, 0, 0, 0, 0, 0, 0 ],
[ 0, 0, 0, 0, 0, 0, 0, 0, 0, w^2, 0, 0 ]
],
[
[ w, 0, 0, 0, 0, 0, 0, 0, 0, 0, 0, 0 ],
[ 0, 0, 0, 0, 0, 0, 0, 0, w, 0, 0, 0 ],
[ 0, 0, 0, w^2, 0, 0, 0, 0, 0, 0, 0, 0 ],
[ 0, 0, 0, 0, w^2, 0, 0, 0, 0, 0, 0, 0 ],
[ 0, 0, 0, 0, 0, 0, 0, 0, 0, 0, 0, w ],
[ 0, 0, w^2, 0, 0, 0, 0, 0, 0, 0, 0, 0 ],
[ 0, 0, 0, 0, 0, 0, w^2, 0, 0, 0, 0, 0 ],
[ 0, 0, 0, 0, 0, w, 0, 0, 0, 0, 0, 0 ],
[ 0, w, 0, 0, 0, 0, 0, 0, 0, 0, 0, 0 ],
[ 0, 0, 0, 0, 0, 0, 0, w^2, 0, 0, 0, 0 ],
[ 0, 0, 0, 0, 0, 0, 0, 0, 0, 0, w, 0 ],
[ 0, 0, 0, 0, 0, 0, 0, 0, 0, w^2, 0, 0 ]
],
[
[ w, 0, 0, 0, 0, 0, 0, 0, 0, 0, 0, 0 ],
[ 0, 0, 0, 0, w, 0, 0, 0, 0, 0, 0, 0 ],
[ 0, 0, 0, 0, 0, w^2, 0, 0, 0, 0, 0, 0 ],
[ 0, 0, 0, 0, 0, 0, 0, 0, 0, 0, w^2, 0 ],
[ 0, 0, w, 0, 0, 0, 0, 0, 0, 0, 0, 0 ],
[ 0, 0, 0, 0, 0, 0, w^2, 0, 0, 0, 0, 0 ],
[ 0, 0, 0, 0, 0, 0, 0, 0, 0, w^2, 0, 0 ],
[ 0, 0, 0, 0, 0, 0, 0, 0, w, 0, 0, 0 ],
[ 0, 0, 0, 0, 0, 0, 0, w, 0, 0, 0, 0 ],
[ 0, w^2, 0, 0, 0, 0, 0, 0, 0, 0, 0, 0 ],
[ 0, 0, 0, 0, 0, 0, 0, 0, 0, 0, 0, w ],
[ 0, 0, 0, w^2, 0, 0, 0, 0, 0, 0, 0, 0 ]
],
[
[ w, 0, 0, 0, 0, 0, 0, 0, 0, 0, 0, 0 ],
[ 0, 0, w, 0, 0, 0, 0, 0, 0, 0, 0, 0 ],
[ 0, 0, 0, 0, 0, 0, 0, 0, 0, w^2, 0, 0 ],
[ 0, w^2, 0, 0, 0, 0, 0, 0, 0, 0, 0, 0 ],
[ 0, 0, 0, 0, 0, w, 0, 0, 0, 0, 0, 0 ],
[ 0, 0, 0, 0, w^2, 0, 0, 0, 0, 0, 0, 0 ],
[ 0, 0, 0, 0, 0, 0, 0, 0, 0, 0, 0, w^2 ],
[ 0, 0, 0, 0, 0, 0, 0, 0, w, 0, 0, 0 ],
[ 0, 0, 0, 0, 0, 0, 0, w, 0, 0, 0, 0 ],
[ 0, 0, 0, 0, 0, 0, w^2, 0, 0, 0, 0, 0 ],
[ 0, 0, 0, 0, 0, 0, 0, 0, 0, 0, w, 0 ],
[ 0, 0, 0, w^2, 0, 0, 0, 0, 0, 0, 0, 0 ]
],
[
[ w, 0, 0, 0, 0, 0, 0, 0, 0, 0, 0, 0 ],
[ 0, 0, 0, 0, 0, 0, 0, 0, 0, w, 0, 0 ],
[ 0, w^2, 0, 0, 0, 0, 0, 0, 0, 0, 0, 0 ],
[ 0, 0, 0, 0, 0, 0, 0, 0, w^2, 0, 0, 0 ],
[ 0, 0, 0, 0, 0, 0, 0, w, 0, 0, 0, 0 ],
[ 0, 0, 0, 0, 0, 0, 0, 0, 0, 0, w^2, 0 ],
[ 0, 0, 0, 0, 0, w^2, 0, 0, 0, 0, 0, 0 ],
[ 0, 0, 0, w, 0, 0, 0, 0, 0, 0, 0, 0 ],
[ 0, 0, 0, 0, 0, 0, w, 0, 0, 0, 0, 0 ],
[ 0, 0, 0, 0, w^2, 0, 0, 0, 0, 0, 0, 0 ],
[ 0, 0, 0, 0, 0, 0, 0, 0, 0, 0, 0, w ],
[ 0, 0, w^2, 0, 0, 0, 0, 0, 0, 0, 0, 0 ]
],
[
[ w, 0, 0, 0, 0, 0, 0, 0, 0, 0, 0, 0 ],
[ 0, 0, 0, 0, 0, w, 0, 0, 0, 0, 0, 0 ],
[ 0, 0, 0, 0, 0, 0, 0, 0, 0, w^2, 0, 0 ],
[ 0, 0, 0, 0, 0, 0, 0, 0, 0, 0, 0, w^2 ],
[ 0, 0, 0, 0, 0, 0, 0, 0, 0, 0, w, 0 ],
[ 0, 0, 0, w^2, 0, 0, 0, 0, 0, 0, 0, 0 ],
[ 0, 0, 0, 0, 0, 0, 0, w^2, 0, 0, 0, 0 ],
[ 0, 0, w, 0, 0, 0, 0, 0, 0, 0, 0, 0 ],
[ 0, 0, 0, 0, w, 0, 0, 0, 0, 0, 0, 0 ],
[ 0, w^2, 0, 0, 0, 0, 0, 0, 0, 0, 0, 0 ],
[ 0, 0, 0, 0, 0, 0, 0, 0, w, 0, 0, 0 ],
[ 0, 0, 0, 0, 0, 0, w^2, 0, 0, 0, 0, 0 ]
],
[
[ 0, 0, 0, 0, 0, w, 0, 0, 0, 0, 0, 0 ],
[ 0, 0, 0, 0, 0, 0, 0, 0, w, 0, 0, 0 ],
[ w^2, 0, 0, 0, 0, 0, 0, 0, 0, 0, 0, 0 ],
[ 0, 0, 0, 0, 0, 0, 0, 0, 0, 0, 0, w^2 ],
[ 0, 0, 0, 0, w, 0, 0, 0, 0, 0, 0, 0 ],
[ 0, w^2, 0, 0, 0, 0, 0, 0, 0, 0, 0, 0 ],
[ 0, 0, 0, w^2, 0, 0, 0, 0, 0, 0, 0, 0 ],
[ 0, 0, 0, 0, 0, 0, w, 0, 0, 0, 0, 0 ],
[ 0, 0, 0, 0, 0, 0, 0, 0, 0, w, 0, 0 ],
[ 0, 0, 0, 0, 0, 0, 0, w^2, 0, 0, 0, 0 ],
[ 0, 0, w, 0, 0, 0, 0, 0, 0, 0, 0, 0 ],
[ 0, 0, 0, 0, 0, 0, 0, 0, 0, 0, w^2, 0 ]
],
[
[ w, 0, 0, 0, 0, 0, 0, 0, 0, 0, 0, 0 ],
[ 0, 0, 0, w, 0, 0, 0, 0, 0, 0, 0, 0 ],
[ 0, 0, 0, 0, 0, 0, 0, 0, 0, 0, 0, w^2 ],
[ 0, 0, 0, 0, w^2, 0, 0, 0, 0, 0, 0, 0 ],
[ 0, 0, w, 0, 0, 0, 0, 0, 0, 0, 0, 0 ],
[ 0, 0, 0, 0, 0, 0, 0, 0, 0, 0, w^2, 0 ],
[ 0, 0, 0, 0, 0, w^2, 0, 0, 0, 0, 0, 0 ],
[ 0, 0, 0, 0, 0, 0, 0, 0, 0, w, 0, 0 ],
[ 0, 0, 0, 0, 0, 0, 0, 0, w, 0, 0, 0 ],
[ 0, w^2, 0, 0, 0, 0, 0, 0, 0, 0, 0, 0 ],
[ 0, 0, 0, 0, 0, 0, 0, w, 0, 0, 0, 0 ],
[ 0, 0, 0, 0, 0, 0, w^2, 0, 0, 0, 0, 0 ]
],
[
[ 0, 0, 0, 0, 0, 0, 0, 0, 0, 0, w, 0 ],
[ 0, 0, 0, 0, 0, w, 0, 0, 0, 0, 0, 0 ],
[ w^2, 0, 0, 0, 0, 0, 0, 0, 0, 0, 0, 0 ],
[ 0, 0, 0, 0, 0, 0, 0, 0, w^2, 0, 0, 0 ],
[ 0, 0, 0, 0, 0, 0, 0, w, 0, 0, 0, 0 ],
[ 0, w^2, 0, 0, 0, 0, 0, 0, 0, 0, 0, 0 ],
[ 0, 0, 0, 0, w^2, 0, 0, 0, 0, 0, 0, 0 ],
[ 0, 0, 0, 0, 0, 0, w, 0, 0, 0, 0, 0 ],
[ 0, 0, 0, 0, 0, 0, 0, 0, 0, w, 0, 0 ],
[ 0, 0, w^2, 0, 0, 0, 0, 0, 0, 0, 0, 0 ],
[ 0, 0, 0, w, 0, 0, 0, 0, 0, 0, 0, 0 ],
[ 0, 0, 0, 0, 0, 0, 0, 0, 0, 0, 0, w^2 ]
],
[
[ 0, 0, 0, 0, 0, 0, 0, 0, w, 0, 0, 0 ],
[ 0, 0, 0, 0, 0, 0, 0, 0, 0, 0, 0, w ],
[ w^2, 0, 0, 0, 0, 0, 0, 0, 0, 0, 0, 0 ],
[ 0, w^2, 0, 0, 0, 0, 0, 0, 0, 0, 0, 0 ],
[ 0, 0, 0, w, 0, 0, 0, 0, 0, 0, 0, 0 ],
[ 0, 0, w^2, 0, 0, 0, 0, 0, 0, 0, 0, 0 ],
[ 0, 0, 0, 0, 0, w^2, 0, 0, 0, 0, 0, 0 ],
[ 0, 0, 0, 0, 0, 0, 0, 0, 0, 0, w, 0 ],
[ 0, 0, 0, 0, 0, 0, w, 0, 0, 0, 0, 0 ],
[ 0, 0, 0, 0, w^2, 0, 0, 0, 0, 0, 0, 0 ],
[ 0, 0, 0, 0, 0, 0, 0, w, 0, 0, 0, 0 ],
[ 0, 0, 0, 0, 0, 0, 0, 0, 0, w^2, 0, 0 ]
],
[
[ w, 0, 0, 0, 0, 0, 0, 0, 0, 0, 0, 0 ],
[ 0, 0, 0, 0, 0, 0, 0, 0, w, 0, 0, 0 ],
[ 0, 0, 0, 0, 0, 0, 0, 0, 0, 0, w^2, 0 ],
[ 0, 0, 0, 0, 0, 0, w^2, 0, 0, 0, 0, 0 ],
[ 0, 0, 0, 0, 0, 0, 0, 0, 0, w, 0, 0 ],
[ 0, 0, w^2, 0, 0, 0, 0, 0, 0, 0, 0, 0 ],
[ 0, 0, 0, 0, 0, 0, 0, 0, 0, 0, 0, w^2 ],
[ 0, 0, 0, 0, 0, w, 0, 0, 0, 0, 0, 0 ],
[ 0, 0, 0, 0, w, 0, 0, 0, 0, 0, 0, 0 ],
[ 0, 0, 0, w^2, 0, 0, 0, 0, 0, 0, 0, 0 ],
[ 0, 0, 0, 0, 0, 0, 0, w, 0, 0, 0, 0 ],
[ 0, w^2, 0, 0, 0, 0, 0, 0, 0, 0, 0, 0 ]
],
[
[ 0, w, 0, 0, 0, 0, 0, 0, 0, 0, 0, 0 ],
[ 0, 0, 0, 0, 0, 0, 0, 0, w, 0, 0, 0 ],
[ w^2, 0, 0, 0, 0, 0, 0, 0, 0, 0, 0, 0 ],
[ 0, 0, 0, 0, w^2, 0, 0, 0, 0, 0, 0, 0 ],
[ 0, 0, 0, 0, 0, 0, 0, 0, 0, 0, w, 0 ],
[ 0, 0, 0, 0, 0, w^2, 0, 0, 0, 0, 0, 0 ],
[ 0, 0, 0, 0, 0, 0, w^2, 0, 0, 0, 0, 0 ],
[ 0, 0, 0, 0, 0, 0, 0, 0, 0, w, 0, 0 ],
[ 0, 0, 0, 0, 0, 0, 0, 0, 0, 0, 0, w ],
[ 0, 0, 0, 0, 0, 0, 0, w^2, 0, 0, 0, 0 ],
[ 0, 0, w, 0, 0, 0, 0, 0, 0, 0, 0, 0 ],
[ 0, 0, 0, w^2, 0, 0, 0, 0, 0, 0, 0, 0 ]
],
[
[ 0, 0, 0, 0, 0, 0, 0, 0, w, 0, 0, 0 ],
[ 0, w, 0, 0, 0, 0, 0, 0, 0, 0, 0, 0 ],
[ w^2, 0, 0, 0, 0, 0, 0, 0, 0, 0, 0, 0 ],
[ 0, 0, 0, w^2, 0, 0, 0, 0, 0, 0, 0, 0 ],
[ 0, 0, 0, 0, 0, 0, 0, 0, 0, 0, 0, w ],
[ 0, 0, w^2, 0, 0, 0, 0, 0, 0, 0, 0, 0 ],
[ 0, 0, 0, 0, 0, 0, w^2, 0, 0, 0, 0, 0 ],
[ 0, 0, 0, 0, 0, 0, 0, 0, 0, 0, w, 0 ],
[ 0, 0, 0, 0, w, 0, 0, 0, 0, 0, 0, 0 ],
[ 0, 0, 0, 0, 0, w^2, 0, 0, 0, 0, 0, 0 ],
[ 0, 0, 0, 0, 0, 0, 0, 0, 0, w, 0, 0 ],
[ 0, 0, 0, 0, 0, 0, 0, w^2, 0, 0, 0, 0 ]
],
[
[ w, 0, 0, 0, 0, 0, 0, 0, 0, 0, 0, 0 ],
[ 0, w, 0, 0, 0, 0, 0, 0, 0, 0, 0, 0 ],
[ 0, 0, 0, 0, 0, 0, w^2, 0, 0, 0, 0, 0 ],
[ 0, 0, 0, 0, 0, 0, 0, 0, 0, 0, w^2, 0 ],
[ 0, 0, 0, 0, w, 0, 0, 0, 0, 0, 0, 0 ],
[ 0, 0, 0, 0, 0, 0, 0, 0, 0, w^2, 0, 0 ],
[ 0, 0, 0, 0, 0, 0, 0, 0, w^2, 0, 0, 0 ],
[ 0, 0, w, 0, 0, 0, 0, 0, 0, 0, 0, 0 ],
[ 0, 0, 0, w, 0, 0, 0, 0, 0, 0, 0, 0 ],
[ 0, 0, 0, 0, 0, w^2, 0, 0, 0, 0, 0, 0 ],
[ 0, 0, 0, 0, 0, 0, 0, 0, 0, 0, 0, w ],
[ 0, 0, 0, 0, 0, 0, 0, w^2, 0, 0, 0, 0 ]
],
[
[ 0, 0, 0, 0, w, 0, 0, 0, 0, 0, 0, 0 ],
[ 0, 0, 0, 0, 0, 0, 0, 0, w, 0, 0, 0 ],
[ w^2, 0, 0, 0, 0, 0, 0, 0, 0, 0, 0, 0 ],
[ 0, 0, 0, w^2, 0, 0, 0, 0, 0, 0, 0, 0 ],
[ 0, 0, w, 0, 0, 0, 0, 0, 0, 0, 0, 0 ],
[ 0, 0, 0, 0, 0, 0, w^2, 0, 0, 0, 0, 0 ],
[ 0, 0, 0, 0, 0, 0, 0, w^2, 0, 0, 0, 0 ],
[ 0, 0, 0, 0, 0, 0, 0, 0, 0, w, 0, 0 ],
[ 0, 0, 0, 0, 0, w, 0, 0, 0, 0, 0, 0 ],
[ 0, 0, 0, 0, 0, 0, 0, 0, 0, 0, w^2, 0 ],
[ 0, 0, 0, 0, 0, 0, 0, 0, 0, 0, 0, w ],
[ 0, w^2, 0, 0, 0, 0, 0, 0, 0, 0, 0, 0 ]
],
[
[ w, 0, 0, 0, 0, 0, 0, 0, 0, 0, 0, 0 ],
[ 0, 0, 0, 0, 0, 0, 0, w, 0, 0, 0, 0 ],
[ 0, 0, 0, 0, 0, 0, 0, 0, 0, 0, 0, w^2 ],
[ 0, w^2, 0, 0, 0, 0, 0, 0, 0, 0, 0, 0 ],
[ 0, 0, 0, 0, 0, 0, 0, 0, w, 0, 0, 0 ],
[ 0, 0, 0, 0, 0, 0, w^2, 0, 0, 0, 0, 0 ],
[ 0, 0, 0, 0, w^2, 0, 0, 0, 0, 0, 0, 0 ],
[ 0, 0, 0, 0, 0, 0, 0, 0, 0, w, 0, 0 ],
[ 0, 0, 0, 0, 0, 0, 0, 0, 0, 0, w, 0 ],
[ 0, 0, 0, 0, 0, w^2, 0, 0, 0, 0, 0, 0 ],
[ 0, 0, w, 0, 0, 0, 0, 0, 0, 0, 0, 0 ],
[ 0, 0, 0, w^2, 0, 0, 0, 0, 0, 0, 0, 0 ]
],
[
[ w, 0, 0, 0, 0, 0, 0, 0, 0, 0, 0, 0 ],
[ 0, 0, 0, 0, 0, 0, 0, 0, 0, 0, w, 0 ],
[ 0, 0, 0, 0, 0, 0, 0, w^2, 0, 0, 0, 0 ],
[ 0, 0, 0, 0, 0, 0, 0, 0, 0, 0, 0, w^2 ],
[ 0, w, 0, 0, 0, 0, 0, 0, 0, 0, 0, 0 ],
[ 0, 0, 0, 0, 0, w^2, 0, 0, 0, 0, 0, 0 ],
[ 0, 0, 0, 0, w^2, 0, 0, 0, 0, 0, 0, 0 ],
[ 0, 0, 0, 0, 0, 0, w, 0, 0, 0, 0, 0 ],
[ 0, 0, 0, 0, 0, 0, 0, 0, 0, w, 0, 0 ],
[ 0, 0, w^2, 0, 0, 0, 0, 0, 0, 0, 0, 0 ],
[ 0, 0, 0, w, 0, 0, 0, 0, 0, 0, 0, 0 ],
[ 0, 0, 0, 0, 0, 0, 0, 0, w^2, 0, 0, 0 ]
],
[
[ w, 0, 0, 0, 0, 0, 0, 0, 0, 0, 0, 0 ],
[ 0, 0, 0, 0, 0, 0, 0, 0, w, 0, 0, 0 ],
[ 0, 0, 0, 0, w^2, 0, 0, 0, 0, 0, 0, 0 ],
[ 0, 0, 0, 0, 0, 0, 0, 0, 0, 0, w^2, 0 ],
[ 0, 0, 0, 0, 0, 0, w, 0, 0, 0, 0, 0 ],
[ 0, 0, 0, 0, 0, w^2, 0, 0, 0, 0, 0, 0 ],
[ 0, 0, w^2, 0, 0, 0, 0, 0, 0, 0, 0, 0 ],
[ 0, 0, 0, w, 0, 0, 0, 0, 0, 0, 0, 0 ],
[ 0, w, 0, 0, 0, 0, 0, 0, 0, 0, 0, 0 ],
[ 0, 0, 0, 0, 0, 0, 0, 0, 0, 0, 0, w^2 ],
[ 0, 0, 0, 0, 0, 0, 0, w, 0, 0, 0, 0 ],
[ 0, 0, 0, 0, 0, 0, 0, 0, 0, w^2, 0, 0 ]
],
[
[ w, 0, 0, 0, 0, 0, 0, 0, 0, 0, 0, 0 ],
[ 0, 0, 0, 0, 0, 0, 0, 0, w, 0, 0, 0 ],
[ 0, 0, 0, 0, 0, w^2, 0, 0, 0, 0, 0, 0 ],
[ 0, 0, 0, 0, 0, 0, 0, 0, 0, w^2, 0, 0 ],
[ 0, 0, 0, 0, 0, 0, 0, w, 0, 0, 0, 0 ],
[ 0, 0, 0, 0, 0, 0, 0, 0, 0, 0, 0, w^2 ],
[ 0, 0, 0, 0, w^2, 0, 0, 0, 0, 0, 0, 0 ],
[ 0, 0, w, 0, 0, 0, 0, 0, 0, 0, 0, 0 ],
[ 0, 0, 0, 0, 0, 0, w, 0, 0, 0, 0, 0 ],
[ 0, 0, 0, 0, 0, 0, 0, 0, 0, 0, w^2, 0 ],
[ 0, 0, 0, w, 0, 0, 0, 0, 0, 0, 0, 0 ],
[ 0, w^2, 0, 0, 0, 0, 0, 0, 0, 0, 0, 0 ]
],
[
[ w, 0, 0, 0, 0, 0, 0, 0, 0, 0, 0, 0 ],
[ 0, 0, 0, 0, 0, 0, 0, 0, 0, w, 0, 0 ],
[ 0, 0, 0, 0, 0, 0, 0, w^2, 0, 0, 0, 0 ],
[ 0, 0, 0, 0, 0, 0, 0, 0, w^2, 0, 0, 0 ],
[ 0, 0, 0, w, 0, 0, 0, 0, 0, 0, 0, 0 ],
[ 0, 0, 0, 0, 0, 0, w^2, 0, 0, 0, 0, 0 ],
[ 0, 0, 0, 0, 0, 0, 0, 0, 0, 0, w^2, 0 ],
[ 0, 0, 0, 0, 0, 0, 0, 0, 0, 0, 0, w ],
[ 0, w, 0, 0, 0, 0, 0, 0, 0, 0, 0, 0 ],
[ 0, 0, 0, 0, w^2, 0, 0, 0, 0, 0, 0, 0 ],
[ 0, 0, w, 0, 0, 0, 0, 0, 0, 0, 0, 0 ],
[ 0, 0, 0, 0, 0, w^2, 0, 0, 0, 0, 0, 0 ]
],
[
[ 0, 0, 0, w, 0, 0, 0, 0, 0, 0, 0, 0 ],
[ 0, 0, 0, 0, 0, 0, w, 0, 0, 0, 0, 0 ],
[ w^2, 0, 0, 0, 0, 0, 0, 0, 0, 0, 0, 0 ],
[ 0, 0, w^2, 0, 0, 0, 0, 0, 0, 0, 0, 0 ],
[ 0, 0, 0, 0, 0, 0, 0, 0, 0, w, 0, 0 ],
[ 0, 0, 0, 0, 0, 0, 0, 0, 0, 0, w^2, 0 ],
[ 0, w^2, 0, 0, 0, 0, 0, 0, 0, 0, 0, 0 ],
[ 0, 0, 0, 0, w, 0, 0, 0, 0, 0, 0, 0 ],
[ 0, 0, 0, 0, 0, 0, 0, 0, 0, 0, 0, w ],
[ 0, 0, 0, 0, 0, w^2, 0, 0, 0, 0, 0, 0 ],
[ 0, 0, 0, 0, 0, 0, 0, 0, w, 0, 0, 0 ],
[ 0, 0, 0, 0, 0, 0, 0, w^2, 0, 0, 0, 0 ]
],
[
[ 0, 0, w, 0, 0, 0, 0, 0, 0, 0, 0, 0 ],
[ 0, 0, 0, w, 0, 0, 0, 0, 0, 0, 0, 0 ],
[ w^2, 0, 0, 0, 0, 0, 0, 0, 0, 0, 0, 0 ],
[ 0, 0, 0, 0, 0, 0, w^2, 0, 0, 0, 0, 0 ],
[ 0, 0, 0, 0, w, 0, 0, 0, 0, 0, 0, 0 ],
[ 0, 0, 0, 0, 0, 0, 0, 0, 0, 0, 0, w^2 ],
[ 0, w^2, 0, 0, 0, 0, 0, 0, 0, 0, 0, 0 ],
[ 0, 0, 0, 0, 0, 0, 0, 0, w, 0, 0, 0 ],
[ 0, 0, 0, 0, 0, 0, 0, 0, 0, w, 0, 0 ],
[ 0, 0, 0, 0, 0, 0, 0, w^2, 0, 0, 0, 0 ],
[ 0, 0, 0, 0, 0, w, 0, 0, 0, 0, 0, 0 ],
[ 0, 0, 0, 0, 0, 0, 0, 0, 0, 0, w^2, 0 ]
],
[
[ w, 0, 0, 0, 0, 0, 0, 0, 0, 0, 0, 0 ],
[ 0, 0, 0, 0, 0, 0, 0, 0, 0, w, 0, 0 ],
[ 0, 0, 0, 0, 0, 0, 0, 0, w^2, 0, 0, 0 ],
[ 0, 0, 0, 0, 0, w^2, 0, 0, 0, 0, 0, 0 ],
[ 0, 0, 0, 0, 0, 0, 0, 0, 0, 0, w, 0 ],
[ 0, 0, w^2, 0, 0, 0, 0, 0, 0, 0, 0, 0 ],
[ 0, 0, 0, w^2, 0, 0, 0, 0, 0, 0, 0, 0 ],
[ 0, w, 0, 0, 0, 0, 0, 0, 0, 0, 0, 0 ],
[ 0, 0, 0, 0, 0, 0, 0, w, 0, 0, 0, 0 ],
[ 0, 0, 0, 0, 0, 0, w^2, 0, 0, 0, 0, 0 ],
[ 0, 0, 0, 0, 0, 0, 0, 0, 0, 0, 0, w ],
[ 0, 0, 0, 0, w^2, 0, 0, 0, 0, 0, 0, 0 ]
],
[
[ w, 0, 0, 0, 0, 0, 0, 0, 0, 0, 0, 0 ],
[ 0, 0, 0, 0, 0, 0, 0, w, 0, 0, 0, 0 ],
[ 0, 0, 0, 0, 0, 0, 0, 0, 0, w^2, 0, 0 ],
[ 0, 0, 0, 0, w^2, 0, 0, 0, 0, 0, 0, 0 ],
[ 0, 0, 0, 0, 0, 0, w, 0, 0, 0, 0, 0 ],
[ 0, 0, w^2, 0, 0, 0, 0, 0, 0, 0, 0, 0 ],
[ 0, w^2, 0, 0, 0, 0, 0, 0, 0, 0, 0, 0 ],
[ 0, 0, 0, 0, 0, 0, 0, 0, 0, 0, 0, w ],
[ 0, 0, 0, 0, 0, 0, 0, 0, 0, 0, w, 0 ],
[ 0, 0, 0, 0, 0, 0, 0, 0, w^2, 0, 0, 0 ],
[ 0, 0, 0, 0, 0, w, 0, 0, 0, 0, 0, 0 ],
[ 0, 0, 0, w^2, 0, 0, 0, 0, 0, 0, 0, 0 ]
],
[
[ 0, 0, w, 0, 0, 0, 0, 0, 0, 0, 0, 0 ],
[ 0, 0, 0, 0, 0, 0, 0, 0, w, 0, 0, 0 ],
[ w^2, 0, 0, 0, 0, 0, 0, 0, 0, 0, 0, 0 ],
[ 0, 0, 0, 0, 0, 0, 0, 0, 0, w^2, 0, 0 ],
[ 0, 0, 0, 0, 0, 0, 0, 0, 0, 0, 0, w ],
[ 0, 0, 0, w^2, 0, 0, 0, 0, 0, 0, 0, 0 ],
[ 0, 0, 0, 0, 0, 0, w^2, 0, 0, 0, 0, 0 ],
[ 0, 0, 0, 0, 0, 0, 0, 0, 0, 0, w, 0 ],
[ 0, 0, 0, 0, w, 0, 0, 0, 0, 0, 0, 0 ],
[ 0, 0, 0, 0, 0, 0, 0, w^2, 0, 0, 0, 0 ],
[ 0, 0, 0, 0, 0, w, 0, 0, 0, 0, 0, 0 ],
[ 0, w^2, 0, 0, 0, 0, 0, 0, 0, 0, 0, 0 ]
],
[
[ 0, 0, 0, 0, w, 0, 0, 0, 0, 0, 0, 0 ],
[ 0, 0, 0, 0, 0, 0, 0, w, 0, 0, 0, 0 ],
[ w^2, 0, 0, 0, 0, 0, 0, 0, 0, 0, 0, 0 ],
[ 0, 0, 0, 0, 0, 0, 0, 0, 0, 0, w^2, 0 ],
[ 0, 0, 0, 0, 0, 0, 0, 0, w, 0, 0, 0 ],
[ 0, 0, w^2, 0, 0, 0, 0, 0, 0, 0, 0, 0 ],
[ 0, 0, 0, 0, 0, 0, 0, 0, 0, w^2, 0, 0 ],
[ 0, w, 0, 0, 0, 0, 0, 0, 0, 0, 0, 0 ],
[ 0, 0, 0, 0, 0, w, 0, 0, 0, 0, 0, 0 ],
[ 0, 0, 0, w^2, 0, 0, 0, 0, 0, 0, 0, 0 ],
[ 0, 0, 0, 0, 0, 0, 0, 0, 0, 0, 0, w ],
[ 0, 0, 0, 0, 0, 0, w^2, 0, 0, 0, 0, 0 ]
],
[
[ 0, 0, 0, 0, 0, 0, 0, w, 0, 0, 0, 0 ],
[ 0, 0, w, 0, 0, 0, 0, 0, 0, 0, 0, 0 ],
[ w^2, 0, 0, 0, 0, 0, 0, 0, 0, 0, 0, 0 ],
[ 0, 0, 0, 0, 0, 0, 0, 0, 0, 0, 0, w^2 ],
[ 0, 0, 0, 0, 0, 0, 0, 0, 0, w, 0, 0 ],
[ 0, 0, 0, 0, 0, w^2, 0, 0, 0, 0, 0, 0 ],
[ 0, 0, 0, w^2, 0, 0, 0, 0, 0, 0, 0, 0 ],
[ 0, w, 0, 0, 0, 0, 0, 0, 0, 0, 0, 0 ],
[ 0, 0, 0, 0, 0, 0, 0, 0, w, 0, 0, 0 ],
[ 0, 0, 0, 0, w^2, 0, 0, 0, 0, 0, 0, 0 ],
[ 0, 0, 0, 0, 0, 0, w, 0, 0, 0, 0, 0 ],
[ 0, 0, 0, 0, 0, 0, 0, 0, 0, 0, w^2, 0 ]
],
[
[ w, 0, 0, 0, 0, 0, 0, 0, 0, 0, 0, 0 ],
[ 0, 0, 0, w, 0, 0, 0, 0, 0, 0, 0, 0 ],
[ 0, 0, 0, 0, 0, 0, 0, 0, 0, 0, w^2, 0 ],
[ 0, 0, 0, 0, 0, 0, 0, 0, w^2, 0, 0, 0 ],
[ 0, 0, 0, 0, 0, w, 0, 0, 0, 0, 0, 0 ],
[ 0, 0, w^2, 0, 0, 0, 0, 0, 0, 0, 0, 0 ],
[ 0, 0, 0, 0, 0, 0, 0, 0, 0, 0, 0, w^2 ],
[ 0, 0, 0, 0, 0, 0, 0, 0, 0, w, 0, 0 ],
[ 0, 0, 0, 0, 0, 0, 0, w, 0, 0, 0, 0 ],
[ 0, 0, 0, 0, 0, 0, w^2, 0, 0, 0, 0, 0 ],
[ 0, w, 0, 0, 0, 0, 0, 0, 0, 0, 0, 0 ],
[ 0, 0, 0, 0, w^2, 0, 0, 0, 0, 0, 0, 0 ]
],
[
[ 0, 0, 0, 0, w, 0, 0, 0, 0, 0, 0, 0 ],
[ 0, 0, 0, 0, 0, 0, 0, 0, 0, w, 0, 0 ],
[ w^2, 0, 0, 0, 0, 0, 0, 0, 0, 0, 0, 0 ],
[ 0, 0, 0, 0, 0, 0, 0, 0, 0, 0, w^2, 0 ],
[ 0, 0, 0, 0, 0, 0, 0, 0, 0, 0, 0, w ],
[ 0, 0, 0, w^2, 0, 0, 0, 0, 0, 0, 0, 0 ],
[ 0, 0, 0, 0, 0, w^2, 0, 0, 0, 0, 0, 0 ],
[ 0, 0, 0, 0, 0, 0, 0, 0, w, 0, 0, 0 ],
[ 0, 0, 0, 0, 0, 0, 0, w, 0, 0, 0, 0 ],
[ 0, w^2, 0, 0, 0, 0, 0, 0, 0, 0, 0, 0 ],
[ 0, 0, w, 0, 0, 0, 0, 0, 0, 0, 0, 0 ],
[ 0, 0, 0, 0, 0, 0, w^2, 0, 0, 0, 0, 0 ]
],
[
[ 0, 0, 0, 0, w, 0, 0, 0, 0, 0, 0, 0 ],
[ 0, 0, 0, 0, 0, w, 0, 0, 0, 0, 0, 0 ],
[ w^2, 0, 0, 0, 0, 0, 0, 0, 0, 0, 0, 0 ],
[ 0, 0, 0, 0, 0, 0, w^2, 0, 0, 0, 0, 0 ],
[ 0, 0, 0, 0, 0, 0, 0, w, 0, 0, 0, 0 ],
[ 0, 0, w^2, 0, 0, 0, 0, 0, 0, 0, 0, 0 ],
[ 0, 0, 0, 0, 0, 0, 0, 0, 0, 0, 0, w^2 ],
[ 0, w, 0, 0, 0, 0, 0, 0, 0, 0, 0, 0 ],
[ 0, 0, 0, 0, 0, 0, 0, 0, 0, 0, w, 0 ],
[ 0, 0, 0, w^2, 0, 0, 0, 0, 0, 0, 0, 0 ],
[ 0, 0, 0, 0, 0, 0, 0, 0, 0, w, 0, 0 ],
[ 0, 0, 0, 0, 0, 0, 0, 0, w^2, 0, 0, 0 ]
],
[
[ w, 0, 0, 0, 0, 0, 0, 0, 0, 0, 0, 0 ],
[ 0, 0, 0, 0, 0, 0, w, 0, 0, 0, 0, 0 ],
[ 0, 0, w^2, 0, 0, 0, 0, 0, 0, 0, 0, 0 ],
[ 0, 0, 0, 0, 0, 0, 0, 0, 0, 0, 0, w^2 ],
[ 0, 0, 0, 0, 0, 0, 0, 0, w, 0, 0, 0 ],
[ 0, 0, 0, 0, 0, 0, 0, 0, 0, 0, w^2, 0 ],
[ 0, 0, 0, 0, 0, 0, 0, w^2, 0, 0, 0, 0 ],
[ 0, 0, 0, 0, 0, w, 0, 0, 0, 0, 0, 0 ],
[ 0, w, 0, 0, 0, 0, 0, 0, 0, 0, 0, 0 ],
[ 0, 0, 0, w^2, 0, 0, 0, 0, 0, 0, 0, 0 ],
[ 0, 0, 0, 0, w, 0, 0, 0, 0, 0, 0, 0 ],
[ 0, 0, 0, 0, 0, 0, 0, 0, 0, w^2, 0, 0 ]
],
[
[ 0, w, 0, 0, 0, 0, 0, 0, 0, 0, 0, 0 ],
[ 0, 0, 0, 0, 0, w, 0, 0, 0, 0, 0, 0 ],
[ w^2, 0, 0, 0, 0, 0, 0, 0, 0, 0, 0, 0 ],
[ 0, 0, 0, 0, 0, 0, 0, 0, 0, 0, w^2, 0 ],
[ 0, 0, 0, 0, 0, 0, 0, 0, w, 0, 0, 0 ],
[ 0, 0, 0, w^2, 0, 0, 0, 0, 0, 0, 0, 0 ],
[ 0, 0, 0, 0, 0, 0, 0, w^2, 0, 0, 0, 0 ],
[ 0, 0, 0, 0, 0, 0, 0, 0, 0, 0, 0, w ],
[ 0, 0, 0, 0, w, 0, 0, 0, 0, 0, 0, 0 ],
[ 0, 0, 0, 0, 0, 0, w^2, 0, 0, 0, 0, 0 ],
[ 0, 0, w, 0, 0, 0, 0, 0, 0, 0, 0, 0 ],
[ 0, 0, 0, 0, 0, 0, 0, 0, 0, w^2, 0, 0 ]
],
[
[ w, 0, 0, 0, 0, 0, 0, 0, 0, 0, 0, 0 ],
[ 0, 0, 0, 0, w, 0, 0, 0, 0, 0, 0, 0 ],
[ 0, 0, 0, 0, 0, 0, 0, 0, w^2, 0, 0, 0 ],
[ 0, 0, w^2, 0, 0, 0, 0, 0, 0, 0, 0, 0 ],
[ 0, 0, 0, w, 0, 0, 0, 0, 0, 0, 0, 0 ],
[ 0, 0, 0, 0, 0, 0, 0, 0, 0, 0, w^2, 0 ],
[ 0, 0, 0, 0, 0, 0, 0, 0, 0, w^2, 0, 0 ],
[ 0, 0, 0, 0, 0, w, 0, 0, 0, 0, 0, 0 ],
[ 0, 0, 0, 0, 0, 0, w, 0, 0, 0, 0, 0 ],
[ 0, w^2, 0, 0, 0, 0, 0, 0, 0, 0, 0, 0 ],
[ 0, 0, 0, 0, 0, 0, 0, w, 0, 0, 0, 0 ],
[ 0, 0, 0, 0, 0, 0, 0, 0, 0, 0, 0, w^2 ]
],
[
[ 0, 0, w, 0, 0, 0, 0, 0, 0, 0, 0, 0 ],
[ 0, 0, 0, 0, 0, 0, w, 0, 0, 0, 0, 0 ],
[ w^2, 0, 0, 0, 0, 0, 0, 0, 0, 0, 0, 0 ],
[ 0, 0, 0, 0, 0, 0, 0, 0, w^2, 0, 0, 0 ],
[ 0, 0, 0, 0, 0, 0, 0, w, 0, 0, 0, 0 ],
[ 0, 0, 0, 0, 0, w^2, 0, 0, 0, 0, 0, 0 ],
[ 0, 0, 0, 0, 0, 0, 0, 0, 0, 0, w^2, 0 ],
[ 0, w, 0, 0, 0, 0, 0, 0, 0, 0, 0, 0 ],
[ 0, 0, 0, 0, w, 0, 0, 0, 0, 0, 0, 0 ],
[ 0, 0, 0, w^2, 0, 0, 0, 0, 0, 0, 0, 0 ],
[ 0, 0, 0, 0, 0, 0, 0, 0, 0, 0, 0, w ],
[ 0, 0, 0, 0, 0, 0, 0, 0, 0, w^2, 0, 0 ]
],
[
[ 0, 0, 0, 0, 0, 0, 0, w, 0, 0, 0, 0 ],
[ 0, 0, 0, 0, 0, 0, 0, 0, 0, w, 0, 0 ],
[ w^2, 0, 0, 0, 0, 0, 0, 0, 0, 0, 0, 0 ],
[ 0, 0, 0, 0, 0, 0, 0, 0, w^2, 0, 0, 0 ],
[ 0, 0, 0, w, 0, 0, 0, 0, 0, 0, 0, 0 ],
[ 0, 0, 0, 0, w^2, 0, 0, 0, 0, 0, 0, 0 ],
[ 0, 0, 0, 0, 0, 0, w^2, 0, 0, 0, 0, 0 ],
[ 0, w, 0, 0, 0, 0, 0, 0, 0, 0, 0, 0 ],
[ 0, 0, 0, 0, 0, 0, 0, 0, 0, 0, 0, w ],
[ 0, 0, 0, 0, 0, w^2, 0, 0, 0, 0, 0, 0 ],
[ 0, 0, 0, 0, 0, 0, 0, 0, 0, 0, w, 0 ],
[ 0, 0, w^2, 0, 0, 0, 0, 0, 0, 0, 0, 0 ]
],
[
[ 0, 0, 0, 0, 0, 0, w, 0, 0, 0, 0, 0 ],
[ 0, 0, w, 0, 0, 0, 0, 0, 0, 0, 0, 0 ],
[ w^2, 0, 0, 0, 0, 0, 0, 0, 0, 0, 0, 0 ],
[ 0, 0, 0, w^2, 0, 0, 0, 0, 0, 0, 0, 0 ],
[ 0, 0, 0, 0, 0, w, 0, 0, 0, 0, 0, 0 ],
[ 0, 0, 0, 0, 0, 0, 0, w^2, 0, 0, 0, 0 ],
[ 0, 0, 0, 0, w^2, 0, 0, 0, 0, 0, 0, 0 ],
[ 0, 0, 0, 0, 0, 0, 0, 0, w, 0, 0, 0 ],
[ 0, 0, 0, 0, 0, 0, 0, 0, 0, 0, 0, w ],
[ 0, w^2, 0, 0, 0, 0, 0, 0, 0, 0, 0, 0 ],
[ 0, 0, 0, 0, 0, 0, 0, 0, 0, 0, w, 0 ],
[ 0, 0, 0, 0, 0, 0, 0, 0, 0, w^2, 0, 0 ]
],
[
[ w, 0, 0, 0, 0, 0, 0, 0, 0, 0, 0, 0 ],
[ 0, 0, 0, 0, 0, 0, 0, 0, w, 0, 0, 0 ],
[ 0, 0, 0, 0, 0, 0, 0, 0, 0, 0, w^2, 0 ],
[ 0, 0, 0, 0, 0, 0, 0, 0, 0, 0, 0, w^2 ],
[ 0, 0, 0, 0, w, 0, 0, 0, 0, 0, 0, 0 ],
[ 0, 0, 0, 0, 0, 0, 0, 0, 0, w^2, 0, 0 ],
[ 0, 0, 0, 0, 0, 0, 0, w^2, 0, 0, 0, 0 ],
[ 0, 0, 0, 0, 0, 0, w, 0, 0, 0, 0, 0 ],
[ 0, 0, w, 0, 0, 0, 0, 0, 0, 0, 0, 0 ],
[ 0, 0, 0, w^2, 0, 0, 0, 0, 0, 0, 0, 0 ],
[ 0, w, 0, 0, 0, 0, 0, 0, 0, 0, 0, 0 ],
[ 0, 0, 0, 0, 0, w^2, 0, 0, 0, 0, 0, 0 ]
],
[
[ 0, 0, 0, 0, 0, 0, w, 0, 0, 0, 0, 0 ],
[ 0, 0, 0, 0, 0, 0, 0, w, 0, 0, 0, 0 ],
[ w^2, 0, 0, 0, 0, 0, 0, 0, 0, 0, 0, 0 ],
[ 0, 0, w^2, 0, 0, 0, 0, 0, 0, 0, 0, 0 ],
[ 0, 0, 0, 0, 0, 0, 0, 0, 0, 0, w, 0 ],
[ 0, 0, 0, 0, 0, w^2, 0, 0, 0, 0, 0, 0 ],
[ 0, 0, 0, 0, 0, 0, 0, 0, 0, 0, 0, w^2 ],
[ 0, 0, 0, w, 0, 0, 0, 0, 0, 0, 0, 0 ],
[ 0, w, 0, 0, 0, 0, 0, 0, 0, 0, 0, 0 ],
[ 0, 0, 0, 0, 0, 0, 0, 0, 0, w^2, 0, 0 ],
[ 0, 0, 0, 0, 0, 0, 0, 0, w, 0, 0, 0 ],
[ 0, 0, 0, 0, w^2, 0, 0, 0, 0, 0, 0, 0 ]
],
[
[ 0, 0, 0, 0, 0, 0, 0, 0, w, 0, 0, 0 ],
[ 0, w, 0, 0, 0, 0, 0, 0, 0, 0, 0, 0 ],
[ w^2, 0, 0, 0, 0, 0, 0, 0, 0, 0, 0, 0 ],
[ 0, 0, 0, 0, 0, 0, 0, 0, 0, 0, 0, w^2 ],
[ 0, 0, w, 0, 0, 0, 0, 0, 0, 0, 0, 0 ],
[ 0, 0, 0, 0, 0, 0, w^2, 0, 0, 0, 0, 0 ],
[ 0, 0, 0, 0, 0, 0, 0, 0, 0, w^2, 0, 0 ],
[ 0, 0, 0, 0, 0, w, 0, 0, 0, 0, 0, 0 ],
[ 0, 0, 0, 0, w, 0, 0, 0, 0, 0, 0, 0 ],
[ 0, 0, 0, 0, 0, 0, 0, 0, 0, 0, w^2, 0 ],
[ 0, 0, 0, w, 0, 0, 0, 0, 0, 0, 0, 0 ],
[ 0, 0, 0, 0, 0, 0, 0, w^2, 0, 0, 0, 0 ]
],
[
[ 0, 0, 0, 0, w, 0, 0, 0, 0, 0, 0, 0 ],
[ 0, 0, 0, 0, 0, 0, 0, 0, 0, 0, 0, w ],
[ w^2, 0, 0, 0, 0, 0, 0, 0, 0, 0, 0, 0 ],
[ 0, 0, 0, 0, 0, 0, 0, 0, 0, 0, w^2, 0 ],
[ 0, w, 0, 0, 0, 0, 0, 0, 0, 0, 0, 0 ],
[ 0, 0, 0, 0, 0, 0, 0, 0, w^2, 0, 0, 0 ],
[ 0, 0, 0, w^2, 0, 0, 0, 0, 0, 0, 0, 0 ],
[ 0, 0, 0, 0, 0, 0, 0, w, 0, 0, 0, 0 ],
[ 0, 0, w, 0, 0, 0, 0, 0, 0, 0, 0, 0 ],
[ 0, 0, 0, 0, 0, w^2, 0, 0, 0, 0, 0, 0 ],
[ 0, 0, 0, 0, 0, 0, w, 0, 0, 0, 0, 0 ],
[ 0, 0, 0, 0, 0, 0, 0, 0, 0, w^2, 0, 0 ]
],
[
[ 0, 0, 0, 0, 0, 0, 0, w, 0, 0, 0, 0 ],
[ 0, 0, 0, w, 0, 0, 0, 0, 0, 0, 0, 0 ],
[ w^2, 0, 0, 0, 0, 0, 0, 0, 0, 0, 0, 0 ],
[ 0, 0, 0, 0, 0, 0, 0, 0, w^2, 0, 0, 0 ],
[ 0, 0, 0, 0, 0, 0, w, 0, 0, 0, 0, 0 ],
[ 0, 0, 0, 0, 0, 0, 0, 0, 0, w^2, 0, 0 ],
[ 0, w^2, 0, 0, 0, 0, 0, 0, 0, 0, 0, 0 ],
[ 0, 0, w, 0, 0, 0, 0, 0, 0, 0, 0, 0 ],
[ 0, 0, 0, 0, 0, 0, 0, 0, 0, 0, 0, w ],
[ 0, 0, 0, 0, 0, w^2, 0, 0, 0, 0, 0, 0 ],
[ 0, 0, 0, 0, 0, 0, 0, 0, 0, 0, w, 0 ],
[ 0, 0, 0, 0, w^2, 0, 0, 0, 0, 0, 0, 0 ]
],
[
[ 0, 0, 0, 0, 0, 0, 0, 0, w, 0, 0, 0 ],
[ 0, 0, w, 0, 0, 0, 0, 0, 0, 0, 0, 0 ],
[ w^2, 0, 0, 0, 0, 0, 0, 0, 0, 0, 0, 0 ],
[ 0, 0, 0, 0, 0, 0, 0, 0, 0, w^2, 0, 0 ],
[ 0, 0, 0, w, 0, 0, 0, 0, 0, 0, 0, 0 ],
[ 0, 0, 0, 0, 0, 0, w^2, 0, 0, 0, 0, 0 ],
[ 0, 0, 0, 0, 0, 0, 0, 0, 0, 0, 0, w^2 ],
[ 0, 0, 0, 0, 0, w, 0, 0, 0, 0, 0, 0 ],
[ 0, 0, 0, 0, 0, 0, 0, 0, 0, 0, w, 0 ],
[ 0, 0, 0, 0, 0, 0, 0, w^2, 0, 0, 0, 0 ],
[ 0, w, 0, 0, 0, 0, 0, 0, 0, 0, 0, 0 ],
[ 0, 0, 0, 0, w^2, 0, 0, 0, 0, 0, 0, 0 ]
],
[
[ w, 0, 0, 0, 0, 0, 0, 0, 0, 0, 0, 0 ],
[ 0, 0, 0, 0, 0, w, 0, 0, 0, 0, 0, 0 ],
[ 0, 0, 0, 0, 0, 0, 0, 0, w^2, 0, 0, 0 ],
[ 0, w^2, 0, 0, 0, 0, 0, 0, 0, 0, 0, 0 ],
[ 0, 0, w, 0, 0, 0, 0, 0, 0, 0, 0, 0 ],
[ 0, 0, 0, 0, w^2, 0, 0, 0, 0, 0, 0, 0 ],
[ 0, 0, 0, 0, 0, 0, 0, 0, 0, 0, w^2, 0 ],
[ 0, 0, 0, 0, 0, 0, 0, 0, 0, w, 0, 0 ],
[ 0, 0, 0, 0, 0, 0, w, 0, 0, 0, 0, 0 ],
[ 0, 0, 0, 0, 0, 0, 0, w^2, 0, 0, 0, 0 ],
[ 0, 0, 0, 0, 0, 0, 0, 0, 0, 0, 0, w ],
[ 0, 0, 0, w^2, 0, 0, 0, 0, 0, 0, 0, 0 ]
],
[
[ w, 0, 0, 0, 0, 0, 0, 0, 0, 0, 0, 0 ],
[ 0, 0, 0, 0, 0, 0, 0, 0, 0, w, 0, 0 ],
[ 0, w^2, 0, 0, 0, 0, 0, 0, 0, 0, 0, 0 ],
[ 0, 0, 0, 0, 0, 0, 0, w^2, 0, 0, 0, 0 ],
[ 0, 0, 0, 0, 0, 0, w, 0, 0, 0, 0, 0 ],
[ 0, 0, 0, 0, 0, 0, 0, 0, 0, 0, 0, w^2 ],
[ 0, 0, 0, 0, 0, 0, 0, 0, 0, 0, w^2, 0 ],
[ 0, 0, 0, w, 0, 0, 0, 0, 0, 0, 0, 0 ],
[ 0, 0, 0, 0, w, 0, 0, 0, 0, 0, 0, 0 ],
[ 0, 0, w^2, 0, 0, 0, 0, 0, 0, 0, 0, 0 ],
[ 0, 0, 0, 0, 0, w, 0, 0, 0, 0, 0, 0 ],
[ 0, 0, 0, 0, 0, 0, 0, 0, w^2, 0, 0, 0 ]
],
[
[ 0, 0, 0, 0, 0, w, 0, 0, 0, 0, 0, 0 ],
[ 0, 0, 0, 0, w, 0, 0, 0, 0, 0, 0, 0 ],
[ w^2, 0, 0, 0, 0, 0, 0, 0, 0, 0, 0, 0 ],
[ 0, 0, 0, 0, 0, 0, 0, 0, 0, w^2, 0, 0 ],
[ 0, 0, 0, 0, 0, 0, 0, w, 0, 0, 0, 0 ],
[ 0, 0, 0, 0, 0, 0, 0, 0, w^2, 0, 0, 0 ],
[ 0, 0, 0, 0, 0, 0, 0, 0, 0, 0, 0, w^2 ],
[ 0, w, 0, 0, 0, 0, 0, 0, 0, 0, 0, 0 ],
[ 0, 0, 0, 0, 0, 0, 0, 0, 0, 0, w, 0 ],
[ 0, 0, w^2, 0, 0, 0, 0, 0, 0, 0, 0, 0 ],
[ 0, 0, 0, w, 0, 0, 0, 0, 0, 0, 0, 0 ],
[ 0, 0, 0, 0, 0, 0, w^2, 0, 0, 0, 0, 0 ]
],
[
[ 0, 0, 0, w, 0, 0, 0, 0, 0, 0, 0, 0 ],
[ 0, 0, 0, 0, 0, 0, 0, 0, w, 0, 0, 0 ],
[ w^2, 0, 0, 0, 0, 0, 0, 0, 0, 0, 0, 0 ],
[ 0, 0, 0, 0, 0, 0, 0, 0, 0, w^2, 0, 0 ],
[ 0, w, 0, 0, 0, 0, 0, 0, 0, 0, 0, 0 ],
[ 0, 0, 0, 0, w^2, 0, 0, 0, 0, 0, 0, 0 ],
[ 0, 0, 0, 0, 0, w^2, 0, 0, 0, 0, 0, 0 ],
[ 0, 0, w, 0, 0, 0, 0, 0, 0, 0, 0, 0 ],
[ 0, 0, 0, 0, 0, 0, 0, 0, 0, 0, w, 0 ],
[ 0, 0, 0, 0, 0, 0, w^2, 0, 0, 0, 0, 0 ],
[ 0, 0, 0, 0, 0, 0, 0, w, 0, 0, 0, 0 ],
[ 0, 0, 0, 0, 0, 0, 0, 0, 0, 0, 0, w^2 ]
],
[
[ w, 0, 0, 0, 0, 0, 0, 0, 0, 0, 0, 0 ],
[ 0, 0, 0, 0, 0, 0, 0, w, 0, 0, 0, 0 ],
[ 0, 0, 0, 0, 0, 0, 0, 0, 0, 0, w^2, 0 ],
[ 0, 0, 0, 0, w^2, 0, 0, 0, 0, 0, 0, 0 ],
[ 0, w, 0, 0, 0, 0, 0, 0, 0, 0, 0, 0 ],
[ 0, 0, 0, 0, 0, 0, 0, 0, w^2, 0, 0, 0 ],
[ 0, 0, 0, 0, 0, 0, 0, 0, 0, w^2, 0, 0 ],
[ 0, 0, 0, 0, 0, 0, w, 0, 0, 0, 0, 0 ],
[ 0, 0, 0, 0, 0, 0, 0, 0, 0, 0, 0, w ],
[ 0, 0, 0, w^2, 0, 0, 0, 0, 0, 0, 0, 0 ],
[ 0, 0, w, 0, 0, 0, 0, 0, 0, 0, 0, 0 ],
[ 0, 0, 0, 0, 0, w^2, 0, 0, 0, 0, 0, 0 ]
]
];
Q_mats := [
[
[ 1, 0, 0, 0, 0, 0, 0, 0, 0, 0, 0, 0 ],
[ 0, 0, w^2, 0, 0, 0, 0, 0, 0, 0, 0, 0 ],
[ 0, 0, 0, w^2, 0, 0, 0, 0, 0, 0, 0, 0 ],
[ 0, 1, 0, 0, 0, 0, 0, 0, 0, 0, 0, 0 ],
[ 0, 0, 0, 0, w^2, 0, 0, 0, 0, 0, 0, 0 ],
[ 0, 0, 0, 0, 0, 0, 0, 0, 0, 0, w^2, 0 ],
[ 0, 0, 0, 0, 0, 0, 0, 0, 0, w^2, 0, 0 ],
[ 0, 0, 0, 0, 0, 0, 0, 1, 0, 0, 0, 0 ],
[ 0, 0, 0, 0, 0, 0, w^2, 0, 0, 0, 0, 0 ],
[ 0, 0, 0, 0, 0, 0, 0, 0, 0, 0, 0, 1 ],
[ 0, 0, 0, 0, 0, 0, 0, 0, 1, 0, 0, 0 ],
[ 0, 0, 0, 0, 0, 1, 0, 0, 0, 0, 0, 0 ]
],
[
[ 1, 0, 0, 0, 0, 0, 0, 0, 0, 0, 0, 0 ],
[ 0, 0, 0, 0, 1, 0, 0, 0, 0, 0, 0, 0 ],
[ 0, 0, 0, 0, 0, 0, 0, 0, 0, w, 0, 0 ],
[ 0, 0, 0, 0, 0, 0, 0, 0, 0, 0, 0, 1 ],
[ 0, 0, 0, 0, 0, 0, 0, w, 0, 0, 0, 0 ],
[ 0, 0, 0, 0, 0, w, 0, 0, 0, 0, 0, 0 ],
[ 0, 0, 0, w, 0, 0, 0, 0, 0, 0, 0, 0 ],
[ 0, 0, 0, 0, 0, 0, 1, 0, 0, 0, 0, 0 ],
[ 0, 0, 0, 0, 0, 0, 0, 0, 0, 0, w, 0 ],
[ 0, 1, 0, 0, 0, 0, 0, 0, 0, 0, 0, 0 ],
[ 0, 0, w, 0, 0, 0, 0, 0, 0, 0, 0, 0 ],
[ 0, 0, 0, 0, 0, 0, 0, 0, 1, 0, 0, 0 ]
],
[
[ 1, 0, 0, 0, 0, 0, 0, 0, 0, 0, 0, 0 ],
[ 0, 0, 0, 0, 0, 1, 0, 0, 0, 0, 0, 0 ],
[ 0, 0, 0, 0, 0, 0, 0, 0, 1, 0, 0, 0 ],
[ 0, 0, w^2, 0, 0, 0, 0, 0, 0, 0, 0, 0 ],
[ 0, 0, 0, 0, w^2, 0, 0, 0, 0, 0, 0, 0 ],
[ 0, 0, 0, 0, 0, 0, 0, 0, 0, 0, 0, 1 ],
[ 0, 0, 0, 0, 0, 0, 0, 0, 0, 0, w^2, 0 ],
[ 0, 0, 0, 0, 0, 0, w^2, 0, 0, 0, 0, 0 ],
[ 0, 0, 0, 0, 0, 0, 0, 0, 0, w^2, 0, 0 ],
[ 0, 0, 0, w^2, 0, 0, 0, 0, 0, 0, 0, 0 ],
[ 0, 1, 0, 0, 0, 0, 0, 0, 0, 0, 0, 0 ],
[ 0, 0, 0, 0, 0, 0, 0, 1, 0, 0, 0, 0 ]
],
[
[ 1, 0, 0, 0, 0, 0, 0, 0, 0, 0, 0, 0 ],
[ 0, 0, 0, 0, 0, w, 0, 0, 0, 0, 0, 0 ],
[ 0, 0, 0, 0, 1, 0, 0, 0, 0, 0, 0, 0 ],
[ 0, 1, 0, 0, 0, 0, 0, 0, 0, 0, 0, 0 ],
[ 0, 0, 0, 0, 0, 0, 0, w, 0, 0, 0, 0 ],
[ 0, 0, 0, 0, 0, 0, 0, 0, 0, 0, 0, 1 ],
[ 0, 0, 0, 0, 0, 0, 0, 0, 0, 0, w, 0 ],
[ 0, 0, w, 0, 0, 0, 0, 0, 0, 0, 0, 0 ],
[ 0, 0, 0, 0, 0, 0, 1, 0, 0, 0, 0, 0 ],
[ 0, 0, 0, 0, 0, 0, 0, 0, 0, w, 0, 0 ],
[ 0, 0, 0, w, 0, 0, 0, 0, 0, 0, 0, 0 ],
[ 0, 0, 0, 0, 0, 0, 0, 0, 1, 0, 0, 0 ]
],
[
[ 1, 0, 0, 0, 0, 0, 0, 0, 0, 0, 0, 0 ],
[ 0, 0, 0, 0, 0, 1, 0, 0, 0, 0, 0, 0 ],
[ 0, 0, 0, 0, w^2, 0, 0, 0, 0, 0, 0, 0 ],
[ 0, 0, 0, 0, 0, 0, 0, 0, 0, 0, 0, 1 ],
[ 0, 0, 0, 0, 0, 0, 0, 0, 0, w^2, 0, 0 ],
[ 0, 0, 0, 0, 0, 0, 0, 0, 1, 0, 0, 0 ],
[ 0, 0, 0, 0, 0, 0, 0, 0, 0, 0, w^2, 0 ],
[ 0, 0, w^2, 0, 0, 0, 0, 0, 0, 0, 0, 0 ],
[ 0, 0, 0, 0, 0, 0, w^2, 0, 0, 0, 0, 0 ],
[ 0, 0, 0, w^2, 0, 0, 0, 0, 0, 0, 0, 0 ],
[ 0, 1, 0, 0, 0, 0, 0, 0, 0, 0, 0, 0 ],
[ 0, 0, 0, 0, 0, 0, 0, 1, 0, 0, 0, 0 ]
],
[
[ 1, 0, 0, 0, 0, 0, 0, 0, 0, 0, 0, 0 ],
[ 0, 0, 0, 0, 0, 0, 0, w, 0, 0, 0, 0 ],
[ 0, 0, 0, 0, 0, w, 0, 0, 0, 0, 0, 0 ],
[ 0, 0, 0, 0, 0, 0, 0, 0, 0, 0, w, 0 ],
[ 0, 0, 0, w, 0, 0, 0, 0, 0, 0, 0, 0 ],
[ 0, 0, 0, 0, 1, 0, 0, 0, 0, 0, 0, 0 ],
[ 0, 0, w, 0, 0, 0, 0, 0, 0, 0, 0, 0 ],
[ 0, 0, 0, 0, 0, 0, 0, 0, 1, 0, 0, 0 ],
[ 0, 0, 0, 0, 0, 0, 0, 0, 0, 0, 0, 1 ],
[ 0, 0, 0, 0, 0, 0, 1, 0, 0, 0, 0, 0 ],
[ 0, 1, 0, 0, 0, 0, 0, 0, 0, 0, 0, 0 ],
[ 0, 0, 0, 0, 0, 0, 0, 0, 0, w, 0, 0 ]
],
[
[ 1, 0, 0, 0, 0, 0, 0, 0, 0, 0, 0, 0 ],
[ 0, 0, 0, 0, 0, 0, 0, 0, 0, w, 0, 0 ],
[ 0, 0, 0, 0, 1, 0, 0, 0, 0, 0, 0, 0 ],
[ 0, 0, 0, 0, 0, 0, 1, 0, 0, 0, 0, 0 ],
[ 0, 0, w, 0, 0, 0, 0, 0, 0, 0, 0, 0 ],
[ 0, 1, 0, 0, 0, 0, 0, 0, 0, 0, 0, 0 ],
[ 0, 0, 0, 0, 0, 0, 0, 0, 1, 0, 0, 0 ],
[ 0, 0, 0, 0, 0, 0, 0, 0, 0, 0, 0, 1 ],
[ 0, 0, 0, 0, 0, 0, 0, 0, 0, 0, w, 0 ],
[ 0, 0, 0, 0, 0, w, 0, 0, 0, 0, 0, 0 ],
[ 0, 0, 0, w, 0, 0, 0, 0, 0, 0, 0, 0 ],
[ 0, 0, 0, 0, 0, 0, 0, w, 0, 0, 0, 0 ]
],
[
[ 1, 0, 0, 0, 0, 0, 0, 0, 0, 0, 0, 0 ],
[ 0, 0, 0, 0, w^2, 0, 0, 0, 0, 0, 0, 0 ],
[ 0, 0, 0, 0, 0, 0, 0, 0, 1, 0, 0, 0 ],
[ 0, 0, 0, 0, 0, 1, 0, 0, 0, 0, 0, 0 ],
[ 0, 0, 0, 0, 0, 0, 0, 0, 0, 0, 0, 1 ],
[ 0, 0, w^2, 0, 0, 0, 0, 0, 0, 0, 0, 0 ],
[ 0, 0, 0, w^2, 0, 0, 0, 0, 0, 0, 0, 0 ],
[ 0, 1, 0, 0, 0, 0, 0, 0, 0, 0, 0, 0 ],
[ 0, 0, 0, 0, 0, 0, 0, 1, 0, 0, 0, 0 ],
[ 0, 0, 0, 0, 0, 0, w^2, 0, 0, 0, 0, 0 ],
[ 0, 0, 0, 0, 0, 0, 0, 0, 0, w^2, 0, 0 ],
[ 0, 0, 0, 0, 0, 0, 0, 0, 0, 0, w^2, 0 ]
],
[
[ 1, 0, 0, 0, 0, 0, 0, 0, 0, 0, 0, 0 ],
[ 0, 0, 0, 0, 0, 1, 0, 0, 0, 0, 0, 0 ],
[ 0, 0, 0, w^2, 0, 0, 0, 0, 0, 0, 0, 0 ],
[ 0, 0, 0, 0, 0, 0, 0, 0, 0, 0, 0, 1 ],
[ 0, 0, 0, 0, w^2, 0, 0, 0, 0, 0, 0, 0 ],
[ 0, 1, 0, 0, 0, 0, 0, 0, 0, 0, 0, 0 ],
[ 0, 0, w^2, 0, 0, 0, 0, 0, 0, 0, 0, 0 ],
[ 0, 0, 0, 0, 0, 0, 0, 1, 0, 0, 0, 0 ],
[ 0, 0, 0, 0, 0, 0, 0, 0, 1, 0, 0, 0 ],
[ 0, 0, 0, 0, 0, 0, w^2, 0, 0, 0, 0, 0 ],
[ 0, 0, 0, 0, 0, 0, 0, 0, 0, 0, w^2, 0 ],
[ 0, 0, 0, 0, 0, 0, 0, 0, 0, w^2, 0, 0 ]
],
[
[ 1, 0, 0, 0, 0, 0, 0, 0, 0, 0, 0, 0 ],
[ 0, 1, 0, 0, 0, 0, 0, 0, 0, 0, 0, 0 ],
[ 0, 0, 0, 0, w^2, 0, 0, 0, 0, 0, 0, 0 ],
[ 0, 0, 0, 0, 0, 1, 0, 0, 0, 0, 0, 0 ],
[ 0, 0, w^2, 0, 0, 0, 0, 0, 0, 0, 0, 0 ],
[ 0, 0, 0, 0, 0, 0, 0, 0, 0, w^2, 0, 0 ],
[ 0, 0, 0, 0, 0, 0, 0, 0, 0, 0, w^2, 0 ],
[ 0, 0, 0, 0, 0, 0, 0, 0, 0, 0, 0, 1 ],
[ 0, 0, 0, 0, 0, 0, 0, 1, 0, 0, 0, 0 ],
[ 0, 0, 0, 0, 0, 0, 0, 0, 1, 0, 0, 0 ],
[ 0, 0, 0, w^2, 0, 0, 0, 0, 0, 0, 0, 0 ],
[ 0, 0, 0, 0, 0, 0, w^2, 0, 0, 0, 0, 0 ]
],
[
[ 1, 0, 0, 0, 0, 0, 0, 0, 0, 0, 0, 0 ],
[ 0, 0, 0, 0, 0, 0, 0, 0, 0, 0, 0, 1 ],
[ 0, 0, 0, 0, w^2, 0, 0, 0, 0, 0, 0, 0 ],
[ 0, 0, 0, 0, 0, 0, 0, 0, 1, 0, 0, 0 ],
[ 0, 0, 0, 0, 0, 0, 0, 0, 0, 0, w^2, 0 ],
[ 0, 0, 0, 0, 0, 0, 0, 1, 0, 0, 0, 0 ],
[ 0, 0, 0, 0, 0, 0, w^2, 0, 0, 0, 0, 0 ],
[ 0, 0, 0, 0, 0, 0, 0, 0, 0, w^2, 0, 0 ],
[ 0, 0, 0, 0, 0, 1, 0, 0, 0, 0, 0, 0 ],
[ 0, 1, 0, 0, 0, 0, 0, 0, 0, 0, 0, 0 ],
[ 0, 0, 0, w^2, 0, 0, 0, 0, 0, 0, 0, 0 ],
[ 0, 0, w^2, 0, 0, 0, 0, 0, 0, 0, 0, 0 ]
],
[
[ 1, 0, 0, 0, 0, 0, 0, 0, 0, 0, 0, 0 ],
[ 0, 0, 0, 0, 0, 0, 0, 0, 0, w, 0, 0 ],
[ 0, 0, 0, 0, 0, 0, 0, 0, 0, 0, w, 0 ],
[ 0, 0, 0, 0, 0, 0, 0, w, 0, 0, 0, 0 ],
[ 0, 0, 0, 0, 1, 0, 0, 0, 0, 0, 0, 0 ],
[ 0, 0, 0, w, 0, 0, 0, 0, 0, 0, 0, 0 ],
[ 0, 0, 0, 0, 0, 0, 0, 0, 1, 0, 0, 0 ],
[ 0, 0, 0, 0, 0, w, 0, 0, 0, 0, 0, 0 ],
[ 0, 1, 0, 0, 0, 0, 0, 0, 0, 0, 0, 0 ],
[ 0, 0, w, 0, 0, 0, 0, 0, 0, 0, 0, 0 ],
[ 0, 0, 0, 0, 0, 0, 0, 0, 0, 0, 0, 1 ],
[ 0, 0, 0, 0, 0, 0, 1, 0, 0, 0, 0, 0 ]
],
[
[ 1, 0, 0, 0, 0, 0, 0, 0, 0, 0, 0, 0 ],
[ 0, 0, 0, 0, 1, 0, 0, 0, 0, 0, 0, 0 ],
[ 0, 0, 0, 0, 0, 0, 0, 0, 0, w, 0, 0 ],
[ 0, 0, 0, w, 0, 0, 0, 0, 0, 0, 0, 0 ],
[ 0, 0, 0, 0, 0, 0, 0, 0, 0, 0, w, 0 ],
[ 0, 0, 0, 0, 0, 0, 1, 0, 0, 0, 0, 0 ],
[ 0, 0, w, 0, 0, 0, 0, 0, 0, 0, 0, 0 ],
[ 0, 0, 0, 0, 0, 0, 0, 0, 1, 0, 0, 0 ],
[ 0, 0, 0, 0, 0, 0, 0, w, 0, 0, 0, 0 ],
[ 0, 0, 0, 0, 0, 0, 0, 0, 0, 0, 0, 1 ],
[ 0, 1, 0, 0, 0, 0, 0, 0, 0, 0, 0, 0 ],
[ 0, 0, 0, 0, 0, w, 0, 0, 0, 0, 0, 0 ]
],
[
[ 1, 0, 0, 0, 0, 0, 0, 0, 0, 0, 0, 0 ],
[ 0, 0, 0, 0, 1, 0, 0, 0, 0, 0, 0, 0 ],
[ 0, 1, 0, 0, 0, 0, 0, 0, 0, 0, 0, 0 ],
[ 0, 0, w, 0, 0, 0, 0, 0, 0, 0, 0, 0 ],
[ 0, 0, 0, 0, 0, 0, 0, 0, 1, 0, 0, 0 ],
[ 0, 0, 0, 0, 0, 0, 1, 0, 0, 0, 0, 0 ],
[ 0, 0, 0, 0, 0, 0, 0, 0, 0, w, 0, 0 ],
[ 0, 0, 0, 0, 0, w, 0, 0, 0, 0, 0, 0 ],
[ 0, 0, 0, 0, 0, 0, 0, 0, 0, 0, w, 0 ],
[ 0, 0, 0, 0, 0, 0, 0, w, 0, 0, 0, 0 ],
[ 0, 0, 0, 0, 0, 0, 0, 0, 0, 0, 0, 1 ],
[ 0, 0, 0, w, 0, 0, 0, 0, 0, 0, 0, 0 ]
],
[
[ 1, 0, 0, 0, 0, 0, 0, 0, 0, 0, 0, 0 ],
[ 0, 0, 0, 0, 0, 0, 0, 0, 0, w, 0, 0 ],
[ 0, 0, 0, 0, 1, 0, 0, 0, 0, 0, 0, 0 ],
[ 0, 0, 0, 0, 0, 0, 0, 0, 0, 0, 0, 1 ],
[ 0, 0, 0, 0, 0, 0, 0, 0, 0, 0, w, 0 ],
[ 0, 1, 0, 0, 0, 0, 0, 0, 0, 0, 0, 0 ],
[ 0, 0, w, 0, 0, 0, 0, 0, 0, 0, 0, 0 ],
[ 0, 0, 0, w, 0, 0, 0, 0, 0, 0, 0, 0 ],
[ 0, 0, 0, 0, 0, 0, 0, w, 0, 0, 0, 0 ],
[ 0, 0, 0, 0, 0, 0, 1, 0, 0, 0, 0, 0 ],
[ 0, 0, 0, 0, 0, 0, 0, 0, 1, 0, 0, 0 ],
[ 0, 0, 0, 0, 0, w, 0, 0, 0, 0, 0, 0 ]
],
[
[ 1, 0, 0, 0, 0, 0, 0, 0, 0, 0, 0, 0 ],
[ 0, 0, 0, 0, 0, 0, 0, 0, 0, w, 0, 0 ],
[ 0, 0, 0, 0, 0, 0, 0, 0, 0, 0, w, 0 ],
[ 0, 0, 0, 0, 0, w, 0, 0, 0, 0, 0, 0 ],
[ 0, 0, 0, 0, 1, 0, 0, 0, 0, 0, 0, 0 ],
[ 0, 0, 0, 0, 0, 0, 0, 0, 0, 0, 0, 1 ],
[ 0, 0, 0, 0, 0, 0, 0, 0, 1, 0, 0, 0 ],
[ 0, 0, 0, 0, 0, 0, 1, 0, 0, 0, 0, 0 ],
[ 0, 1, 0, 0, 0, 0, 0, 0, 0, 0, 0, 0 ],
[ 0, 0, 0, w, 0, 0, 0, 0, 0, 0, 0, 0 ],
[ 0, 0, w, 0, 0, 0, 0, 0, 0, 0, 0, 0 ],
[ 0, 0, 0, 0, 0, 0, 0, w, 0, 0, 0, 0 ]
],
[
[ 1, 0, 0, 0, 0, 0, 0, 0, 0, 0, 0, 0 ],
[ 0, 0, w, 0, 0, 0, 0, 0, 0, 0, 0, 0 ],
[ 0, 0, 0, 0, 0, 0, 0, 0, 0, 0, w, 0 ],
[ 0, 0, 0, w, 0, 0, 0, 0, 0, 0, 0, 0 ],
[ 0, 0, 0, 0, 0, w, 0, 0, 0, 0, 0, 0 ],
[ 0, 0, 0, 0, 1, 0, 0, 0, 0, 0, 0, 0 ],
[ 0, 0, 0, 0, 0, 0, 0, 0, 0, w, 0, 0 ],
[ 0, 0, 0, 0, 0, 0, 0, 0, 1, 0, 0, 0 ],
[ 0, 1, 0, 0, 0, 0, 0, 0, 0, 0, 0, 0 ],
[ 0, 0, 0, 0, 0, 0, 0, w, 0, 0, 0, 0 ],
[ 0, 0, 0, 0, 0, 0, 0, 0, 0, 0, 0, 1 ],
[ 0, 0, 0, 0, 0, 0, 1, 0, 0, 0, 0, 0 ]
],
[
[ 1, 0, 0, 0, 0, 0, 0, 0, 0, 0, 0, 0 ],
[ 0, 0, 0, 0, 0, 1, 0, 0, 0, 0, 0, 0 ],
[ 0, 0, w^2, 0, 0, 0, 0, 0, 0, 0, 0, 0 ],
[ 0, 0, 0, 0, 0, 0, 0, 1, 0, 0, 0, 0 ],
[ 0, 0, 0, 0, 0, 0, 0, 0, 1, 0, 0, 0 ],
[ 0, 0, 0, 0, w^2, 0, 0, 0, 0, 0, 0, 0 ],
[ 0, 0, 0, 0, 0, 0, 0, 0, 0, 0, w^2, 0 ],
[ 0, 1, 0, 0, 0, 0, 0, 0, 0, 0, 0, 0 ],
[ 0, 0, 0, 0, 0, 0, 0, 0, 0, w^2, 0, 0 ],
[ 0, 0, 0, 0, 0, 0, w^2, 0, 0, 0, 0, 0 ],
[ 0, 0, 0, w^2, 0, 0, 0, 0, 0, 0, 0, 0 ],
[ 0, 0, 0, 0, 0, 0, 0, 0, 0, 0, 0, 1 ]
],
[
[ 1, 0, 0, 0, 0, 0, 0, 0, 0, 0, 0, 0 ],
[ 0, 1, 0, 0, 0, 0, 0, 0, 0, 0, 0, 0 ],
[ 0, 0, w^2, 0, 0, 0, 0, 0, 0, 0, 0, 0 ],
[ 0, 0, 0, w^2, 0, 0, 0, 0, 0, 0, 0, 0 ],
[ 0, 0, 0, 0, w^2, 0, 0, 0, 0, 0, 0, 0 ],
[ 0, 0, 0, 0, 0, 0, 0, 0, 0, 0, 0, 1 ],
[ 0, 0, 0, 0, 0, 0, w^2, 0, 0, 0, 0, 0 ],
[ 0, 0, 0, 0, 0, 1, 0, 0, 0, 0, 0, 0 ],
[ 0, 0, 0, 0, 0, 0, 0, 0, 1, 0, 0, 0 ],
[ 0, 0, 0, 0, 0, 0, 0, 1, 0, 0, 0, 0 ],
[ 0, 0, 0, 0, 0, 0, 0, 0, 0, 0, w^2, 0 ],
[ 0, 0, 0, 0, 0, 0, 0, 0, 0, w^2, 0, 0 ]
],
[
[ 1, 0, 0, 0, 0, 0, 0, 0, 0, 0, 0, 0 ],
[ 0, 0, 0, 0, 0, 0, 0, 0, 0, 0, 0, 1 ],
[ 0, 0, 0, 0, 0, 0, 0, 1, 0, 0, 0, 0 ],
[ 0, 0, 0, 0, w^2, 0, 0, 0, 0, 0, 0, 0 ],
[ 0, 0, 0, 0, 0, 0, 0, 0, 1, 0, 0, 0 ],
[ 0, 0, 0, 0, 0, 0, w^2, 0, 0, 0, 0, 0 ],
[ 0, 0, 0, w^2, 0, 0, 0, 0, 0, 0, 0, 0 ],
[ 0, 0, w^2, 0, 0, 0, 0, 0, 0, 0, 0, 0 ],
[ 0, 0, 0, 0, 0, 0, 0, 0, 0, w^2, 0, 0 ],
[ 0, 0, 0, 0, 0, 1, 0, 0, 0, 0, 0, 0 ],
[ 0, 0, 0, 0, 0, 0, 0, 0, 0, 0, w^2, 0 ],
[ 0, 1, 0, 0, 0, 0, 0, 0, 0, 0, 0, 0 ]
],
[
[ 1, 0, 0, 0, 0, 0, 0, 0, 0, 0, 0, 0 ],
[ 0, 0, 0, 0, w^2, 0, 0, 0, 0, 0, 0, 0 ],
[ 0, 0, 0, 0, 0, 0, 0, 0, 0, 0, 0, 1 ],
[ 0, 0, w^2, 0, 0, 0, 0, 0, 0, 0, 0, 0 ],
[ 0, 0, 0, 0, 0, 0, 0, 1, 0, 0, 0, 0 ],
[ 0, 0, 0, 0, 0, 1, 0, 0, 0, 0, 0, 0 ],
[ 0, 0, 0, w^2, 0, 0, 0, 0, 0, 0, 0, 0 ],
[ 0, 1, 0, 0, 0, 0, 0, 0, 0, 0, 0, 0 ],
[ 0, 0, 0, 0, 0, 0, w^2, 0, 0, 0, 0, 0 ],
[ 0, 0, 0, 0, 0, 0, 0, 0, 1, 0, 0, 0 ],
[ 0, 0, 0, 0, 0, 0, 0, 0, 0, 0, w^2, 0 ],
[ 0, 0, 0, 0, 0, 0, 0, 0, 0, w^2, 0, 0 ]
],
[
[ 1, 0, 0, 0, 0, 0, 0, 0, 0, 0, 0, 0 ],
[ 0, 0, 0, 0, 1, 0, 0, 0, 0, 0, 0, 0 ],
[ 0, 0, 0, 0, 0, 0, 1, 0, 0, 0, 0, 0 ],
[ 0, 0, 0, 0, 0, 0, 0, w, 0, 0, 0, 0 ],
[ 0, 1, 0, 0, 0, 0, 0, 0, 0, 0, 0, 0 ],
[ 0, 0, 0, 0, 0, 0, 0, 0, 1, 0, 0, 0 ],
[ 0, 0, 0, 0, 0, w, 0, 0, 0, 0, 0, 0 ],
[ 0, 0, 0, 0, 0, 0, 0, 0, 0, 0, 0, 1 ],
[ 0, 0, 0, 0, 0, 0, 0, 0, 0, w, 0, 0 ],
[ 0, 0, w, 0, 0, 0, 0, 0, 0, 0, 0, 0 ],
[ 0, 0, 0, 0, 0, 0, 0, 0, 0, 0, w, 0 ],
[ 0, 0, 0, w, 0, 0, 0, 0, 0, 0, 0, 0 ]
],
[
[ 1, 0, 0, 0, 0, 0, 0, 0, 0, 0, 0, 0 ],
[ 0, 0, 0, 0, 0, 0, 0, 0, 0, 0, w, 0 ],
[ 0, 0, 0, 0, 1, 0, 0, 0, 0, 0, 0, 0 ],
[ 0, 1, 0, 0, 0, 0, 0, 0, 0, 0, 0, 0 ],
[ 0, 0, 0, 0, 0, 0, 1, 0, 0, 0, 0, 0 ],
[ 0, 0, 0, 0, 0, 0, 0, w, 0, 0, 0, 0 ],
[ 0, 0, 0, w, 0, 0, 0, 0, 0, 0, 0, 0 ],
[ 0, 0, 0, 0, 0, 0, 0, 0, 0, w, 0, 0 ],
[ 0, 0, 0, 0, 0, 0, 0, 0, 1, 0, 0, 0 ],
[ 0, 0, 0, 0, 0, w, 0, 0, 0, 0, 0, 0 ],
[ 0, 0, w, 0, 0, 0, 0, 0, 0, 0, 0, 0 ],
[ 0, 0, 0, 0, 0, 0, 0, 0, 0, 0, 0, 1 ]
],
[
[ 1, 0, 0, 0, 0, 0, 0, 0, 0, 0, 0, 0 ],
[ 0, 0, 0, 0, 0, 0, 0, 0, 0, 0, 0, 1 ],
[ 0, 0, 0, 0, w^2, 0, 0, 0, 0, 0, 0, 0 ],
[ 0, 0, 0, 0, 0, 0, 0, 1, 0, 0, 0, 0 ],
[ 0, 1, 0, 0, 0, 0, 0, 0, 0, 0, 0, 0 ],
[ 0, 0, 0, w^2, 0, 0, 0, 0, 0, 0, 0, 0 ],
[ 0, 0, 0, 0, 0, 0, w^2, 0, 0, 0, 0, 0 ],
[ 0, 0, w^2, 0, 0, 0, 0, 0, 0, 0, 0, 0 ],
[ 0, 0, 0, 0, 0, 0, 0, 0, 1, 0, 0, 0 ],
[ 0, 0, 0, 0, 0, 0, 0, 0, 0, 0, w^2, 0 ],
[ 0, 0, 0, 0, 0, 0, 0, 0, 0, w^2, 0, 0 ],
[ 0, 0, 0, 0, 0, 1, 0, 0, 0, 0, 0, 0 ]
],
[
[ 1, 0, 0, 0, 0, 0, 0, 0, 0, 0, 0, 0 ],
[ 0, 0, 0, 0, 0, 0, 0, 0, 0, w, 0, 0 ],
[ 0, 0, 0, 0, 1, 0, 0, 0, 0, 0, 0, 0 ],
[ 0, 0, 0, 0, 0, 0, 0, w, 0, 0, 0, 0 ],
[ 0, 0, 0, w, 0, 0, 0, 0, 0, 0, 0, 0 ],
[ 0, 1, 0, 0, 0, 0, 0, 0, 0, 0, 0, 0 ],
[ 0, 0, 0, 0, 0, 0, 1, 0, 0, 0, 0, 0 ],
[ 0, 0, 0, 0, 0, w, 0, 0, 0, 0, 0, 0 ],
[ 0, 0, 0, 0, 0, 0, 0, 0, 0, 0, w, 0 ],
[ 0, 0, w, 0, 0, 0, 0, 0, 0, 0, 0, 0 ],
[ 0, 0, 0, 0, 0, 0, 0, 0, 0, 0, 0, 1 ],
[ 0, 0, 0, 0, 0, 0, 0, 0, 1, 0, 0, 0 ]
],
[
[ 1, 0, 0, 0, 0, 0, 0, 0, 0, 0, 0, 0 ],
[ 0, 0, 0, 0, 1, 0, 0, 0, 0, 0, 0, 0 ],
[ 0, 1, 0, 0, 0, 0, 0, 0, 0, 0, 0, 0 ],
[ 0, 0, 0, 0, 0, 0, 0, 0, 1, 0, 0, 0 ],
[ 0, 0, 0, 0, 0, w, 0, 0, 0, 0, 0, 0 ],
[ 0, 0, 0, 0, 0, 0, 0, 0, 0, 0, 0, 1 ],
[ 0, 0, 0, 0, 0, 0, 0, w, 0, 0, 0, 0 ],
[ 0, 0, w, 0, 0, 0, 0, 0, 0, 0, 0, 0 ],
[ 0, 0, 0, 0, 0, 0, 0, 0, 0, 0, w, 0 ],
[ 0, 0, 0, 0, 0, 0, 1, 0, 0, 0, 0, 0 ],
[ 0, 0, 0, w, 0, 0, 0, 0, 0, 0, 0, 0 ],
[ 0, 0, 0, 0, 0, 0, 0, 0, 0, w, 0, 0 ]
],
[
[ 1, 0, 0, 0, 0, 0, 0, 0, 0, 0, 0, 0 ],
[ 0, 0, 0, 0, 0, 0, 0, 0, 1, 0, 0, 0 ],
[ 0, 0, 0, 0, w^2, 0, 0, 0, 0, 0, 0, 0 ],
[ 0, 1, 0, 0, 0, 0, 0, 0, 0, 0, 0, 0 ],
[ 0, 0, 0, 0, 0, 0, w^2, 0, 0, 0, 0, 0 ],
[ 0, 0, 0, 0, 0, 1, 0, 0, 0, 0, 0, 0 ],
[ 0, 0, 0, 0, 0, 0, 0, 0, 0, w^2, 0, 0 ],
[ 0, 0, 0, 0, 0, 0, 0, 0, 0, 0, 0, 1 ],
[ 0, 0, 0, w^2, 0, 0, 0, 0, 0, 0, 0, 0 ],
[ 0, 0, w^2, 0, 0, 0, 0, 0, 0, 0, 0, 0 ],
[ 0, 0, 0, 0, 0, 0, 0, 1, 0, 0, 0, 0 ],
[ 0, 0, 0, 0, 0, 0, 0, 0, 0, 0, w^2, 0 ]
],
[
[ 1, 0, 0, 0, 0, 0, 0, 0, 0, 0, 0, 0 ],
[ 0, 0, 0, 0, 0, 0, 0, w, 0, 0, 0, 0 ],
[ 0, 0, 0, 0, 0, 0, 0, 0, 0, 0, w, 0 ],
[ 0, 1, 0, 0, 0, 0, 0, 0, 0, 0, 0, 0 ],
[ 0, 0, 0, 0, 0, 0, 0, 0, 0, w, 0, 0 ],
[ 0, 0, 0, 0, 0, w, 0, 0, 0, 0, 0, 0 ],
[ 0, 0, 0, 0, 1, 0, 0, 0, 0, 0, 0, 0 ],
[ 0, 0, w, 0, 0, 0, 0, 0, 0, 0, 0, 0 ],
[ 0, 0, 0, 0, 0, 0, 0, 0, 0, 0, 0, 1 ],
[ 0, 0, 0, 0, 0, 0, 0, 0, 1, 0, 0, 0 ],
[ 0, 0, 0, 0, 0, 0, 1, 0, 0, 0, 0, 0 ],
[ 0, 0, 0, w, 0, 0, 0, 0, 0, 0, 0, 0 ]
],
[
[ 1, 0, 0, 0, 0, 0, 0, 0, 0, 0, 0, 0 ],
[ 0, 1, 0, 0, 0, 0, 0, 0, 0, 0, 0, 0 ],
[ 0, 0, w, 0, 0, 0, 0, 0, 0, 0, 0, 0 ],
[ 0, 0, 0, 0, 0, w, 0, 0, 0, 0, 0, 0 ],
[ 0, 0, 0, 0, 0, 0, 0, 0, 0, w, 0, 0 ],
[ 0, 0, 0, 0, 1, 0, 0, 0, 0, 0, 0, 0 ],
[ 0, 0, 0, 0, 0, 0, 1, 0, 0, 0, 0, 0 ],
[ 0, 0, 0, 0, 0, 0, 0, 0, 0, 0, w, 0 ],
[ 0, 0, 0, 0, 0, 0, 0, w, 0, 0, 0, 0 ],
[ 0, 0, 0, 0, 0, 0, 0, 0, 1, 0, 0, 0 ],
[ 0, 0, 0, w, 0, 0, 0, 0, 0, 0, 0, 0 ],
[ 0, 0, 0, 0, 0, 0, 0, 0, 0, 0, 0, 1 ]
],
[
[ 1, 0, 0, 0, 0, 0, 0, 0, 0, 0, 0, 0 ],
[ 0, 0, 0, 0, 0, 0, 0, 0, 0, w, 0, 0 ],
[ 0, 0, 0, 0, 1, 0, 0, 0, 0, 0, 0, 0 ],
[ 0, 1, 0, 0, 0, 0, 0, 0, 0, 0, 0, 0 ],
[ 0, 0, 0, w, 0, 0, 0, 0, 0, 0, 0, 0 ],
[ 0, 0, 0, 0, 0, 0, 0, w, 0, 0, 0, 0 ],
[ 0, 0, 0, 0, 0, 0, 0, 0, 0, 0, 0, 1 ],
[ 0, 0, 0, 0, 0, 0, 0, 0, 0, 0, w, 0 ],
[ 0, 0, w, 0, 0, 0, 0, 0, 0, 0, 0, 0 ],
[ 0, 0, 0, 0, 0, w, 0, 0, 0, 0, 0, 0 ],
[ 0, 0, 0, 0, 0, 0, 1, 0, 0, 0, 0, 0 ],
[ 0, 0, 0, 0, 0, 0, 0, 0, 1, 0, 0, 0 ]
],
[
[ 1, 0, 0, 0, 0, 0, 0, 0, 0, 0, 0, 0 ],
[ 0, 0, 0, w^2, 0, 0, 0, 0, 0, 0, 0, 0 ],
[ 0, 0, 0, 0, 0, 0, 0, 1, 0, 0, 0, 0 ],
[ 0, 0, 0, 0, w^2, 0, 0, 0, 0, 0, 0, 0 ],
[ 0, 0, 0, 0, 0, 1, 0, 0, 0, 0, 0, 0 ],
[ 0, 0, 0, 0, 0, 0, 0, 0, 0, w^2, 0, 0 ],
[ 0, 0, 0, 0, 0, 0, w^2, 0, 0, 0, 0, 0 ],
[ 0, 1, 0, 0, 0, 0, 0, 0, 0, 0, 0, 0 ],
[ 0, 0, 0, 0, 0, 0, 0, 0, 0, 0, w^2, 0 ],
[ 0, 0, 0, 0, 0, 0, 0, 0, 1, 0, 0, 0 ],
[ 0, 0, w^2, 0, 0, 0, 0, 0, 0, 0, 0, 0 ],
[ 0, 0, 0, 0, 0, 0, 0, 0, 0, 0, 0, 1 ]
],
[
[ 1, 0, 0, 0, 0, 0, 0, 0, 0, 0, 0, 0 ],
[ 0, 0, 0, 0, 0, 0, 0, 0, 1, 0, 0, 0 ],
[ 0, 0, 0, 0, w^2, 0, 0, 0, 0, 0, 0, 0 ],
[ 0, 0, 0, 0, 0, 1, 0, 0, 0, 0, 0, 0 ],
[ 0, 0, 0, 0, 0, 0, 0, 0, 0, 0, 0, 1 ],
[ 0, 0, 0, w^2, 0, 0, 0, 0, 0, 0, 0, 0 ],
[ 0, 0, 0, 0, 0, 0, 0, 1, 0, 0, 0, 0 ],
[ 0, 0, 0, 0, 0, 0, w^2, 0, 0, 0, 0, 0 ],
[ 0, 0, 0, 0, 0, 0, 0, 0, 0, w^2, 0, 0 ],
[ 0, 0, w^2, 0, 0, 0, 0, 0, 0, 0, 0, 0 ],
[ 0, 0, 0, 0, 0, 0, 0, 0, 0, 0, w^2, 0 ],
[ 0, 1, 0, 0, 0, 0, 0, 0, 0, 0, 0, 0 ]
],
[
[ 1, 0, 0, 0, 0, 0, 0, 0, 0, 0, 0, 0 ],
[ 0, 0, 0, 0, w^2, 0, 0, 0, 0, 0, 0, 0 ],
[ 0, 0, 0, 0, 0, 1, 0, 0, 0, 0, 0, 0 ],
[ 0, 0, 0, 0, 0, 0, 0, 0, 1, 0, 0, 0 ],
[ 0, 0, 0, 0, 0, 0, 0, 1, 0, 0, 0, 0 ],
[ 0, 0, 0, 0, 0, 0, 0, 0, 0, w^2, 0, 0 ],
[ 0, 0, 0, 0, 0, 0, 0, 0, 0, 0, 0, 1 ],
[ 0, 0, w^2, 0, 0, 0, 0, 0, 0, 0, 0, 0 ],
[ 0, 0, 0, 0, 0, 0, 0, 0, 0, 0, w^2, 0 ],
[ 0, 1, 0, 0, 0, 0, 0, 0, 0, 0, 0, 0 ],
[ 0, 0, 0, 0, 0, 0, w^2, 0, 0, 0, 0, 0 ],
[ 0, 0, 0, w^2, 0, 0, 0, 0, 0, 0, 0, 0 ]
],
[
[ 1, 0, 0, 0, 0, 0, 0, 0, 0, 0, 0, 0 ],
[ 0, 0, 0, 0, 1, 0, 0, 0, 0, 0, 0, 0 ],
[ 0, 0, 0, 0, 0, 0, 0, w, 0, 0, 0, 0 ],
[ 0, 0, 0, w, 0, 0, 0, 0, 0, 0, 0, 0 ],
[ 0, 0, w, 0, 0, 0, 0, 0, 0, 0, 0, 0 ],
[ 0, 0, 0, 0, 0, 0, 0, 0, 0, 0, w, 0 ],
[ 0, 0, 0, 0, 0, 0, 1, 0, 0, 0, 0, 0 ],
[ 0, 0, 0, 0, 0, 0, 0, 0, 0, w, 0, 0 ],
[ 0, 0, 0, 0, 0, w, 0, 0, 0, 0, 0, 0 ],
[ 0, 0, 0, 0, 0, 0, 0, 0, 1, 0, 0, 0 ],
[ 0, 0, 0, 0, 0, 0, 0, 0, 0, 0, 0, 1 ],
[ 0, 1, 0, 0, 0, 0, 0, 0, 0, 0, 0, 0 ]
],
[
[ 1, 0, 0, 0, 0, 0, 0, 0, 0, 0, 0, 0 ],
[ 0, 0, 0, 0, 1, 0, 0, 0, 0, 0, 0, 0 ],
[ 0, 0, 0, 0, 0, 0, 0, 0, 0, 0, 0, 1 ],
[ 0, 0, w, 0, 0, 0, 0, 0, 0, 0, 0, 0 ],
[ 0, 0, 0, w, 0, 0, 0, 0, 0, 0, 0, 0 ],
[ 0, 0, 0, 0, 0, 0, 0, w, 0, 0, 0, 0 ],
[ 0, 0, 0, 0, 0, 0, 0, 0, 0, 0, w, 0 ],
[ 0, 0, 0, 0, 0, 0, 0, 0, 1, 0, 0, 0 ],
[ 0, 0, 0, 0, 0, 0, 0, 0, 0, w, 0, 0 ],
[ 0, 0, 0, 0, 0, 0, 1, 0, 0, 0, 0, 0 ],
[ 0, 0, 0, 0, 0, w, 0, 0, 0, 0, 0, 0 ],
[ 0, 1, 0, 0, 0, 0, 0, 0, 0, 0, 0, 0 ]
],
[
[ 1, 0, 0, 0, 0, 0, 0, 0, 0, 0, 0, 0 ],
[ 0, 0, 0, 0, 0, 0, 0, 0, 0, 0, w, 0 ],
[ 0, 0, 0, 0, 1, 0, 0, 0, 0, 0, 0, 0 ],
[ 0, 0, 0, 0, 0, w, 0, 0, 0, 0, 0, 0 ],
[ 0, 0, 0, w, 0, 0, 0, 0, 0, 0, 0, 0 ],
[ 0, 0, 0, 0, 0, 0, 0, w, 0, 0, 0, 0 ],
[ 0, 1, 0, 0, 0, 0, 0, 0, 0, 0, 0, 0 ],
[ 0, 0, w, 0, 0, 0, 0, 0, 0, 0, 0, 0 ],
[ 0, 0, 0, 0, 0, 0, 0, 0, 0, w, 0, 0 ],
[ 0, 0, 0, 0, 0, 0, 1, 0, 0, 0, 0, 0 ],
[ 0, 0, 0, 0, 0, 0, 0, 0, 1, 0, 0, 0 ],
[ 0, 0, 0, 0, 0, 0, 0, 0, 0, 0, 0, 1 ]
],
[
[ 1, 0, 0, 0, 0, 0, 0, 0, 0, 0, 0, 0 ],
[ 0, 1, 0, 0, 0, 0, 0, 0, 0, 0, 0, 0 ],
[ 0, 0, 0, 0, 1, 0, 0, 0, 0, 0, 0, 0 ],
[ 0, 0, 0, 0, 0, 0, 0, 0, 0, w, 0, 0 ],
[ 0, 0, 0, w, 0, 0, 0, 0, 0, 0, 0, 0 ],
[ 0, 0, 0, 0, 0, w, 0, 0, 0, 0, 0, 0 ],
[ 0, 0, 0, 0, 0, 0, 1, 0, 0, 0, 0, 0 ],
[ 0, 0, w, 0, 0, 0, 0, 0, 0, 0, 0, 0 ],
[ 0, 0, 0, 0, 0, 0, 0, w, 0, 0, 0, 0 ],
[ 0, 0, 0, 0, 0, 0, 0, 0, 0, 0, 0, 1 ],
[ 0, 0, 0, 0, 0, 0, 0, 0, 1, 0, 0, 0 ],
[ 0, 0, 0, 0, 0, 0, 0, 0, 0, 0, w, 0 ]
],
[
[ 1, 0, 0, 0, 0, 0, 0, 0, 0, 0, 0, 0 ],
[ 0, 0, 0, w, 0, 0, 0, 0, 0, 0, 0, 0 ],
[ 0, 0, 0, 0, 0, 0, 0, w, 0, 0, 0, 0 ],
[ 0, 0, 0, 0, 0, 0, 0, 0, 0, 0, w, 0 ],
[ 0, 0, w, 0, 0, 0, 0, 0, 0, 0, 0, 0 ],
[ 0, 0, 0, 0, 1, 0, 0, 0, 0, 0, 0, 0 ],
[ 0, 0, 0, 0, 0, w, 0, 0, 0, 0, 0, 0 ],
[ 0, 1, 0, 0, 0, 0, 0, 0, 0, 0, 0, 0 ],
[ 0, 0, 0, 0, 0, 0, 0, 0, 0, 0, 0, 1 ],
[ 0, 0, 0, 0, 0, 0, 1, 0, 0, 0, 0, 0 ],
[ 0, 0, 0, 0, 0, 0, 0, 0, 0, w, 0, 0 ],
[ 0, 0, 0, 0, 0, 0, 0, 0, 1, 0, 0, 0 ]
],
[
[ 1, 0, 0, 0, 0, 0, 0, 0, 0, 0, 0, 0 ],
[ 0, 0, 0, w^2, 0, 0, 0, 0, 0, 0, 0, 0 ],
[ 0, 0, 0, 0, 0, 0, 0, 0, 1, 0, 0, 0 ],
[ 0, 0, w^2, 0, 0, 0, 0, 0, 0, 0, 0, 0 ],
[ 0, 1, 0, 0, 0, 0, 0, 0, 0, 0, 0, 0 ],
[ 0, 0, 0, 0, w^2, 0, 0, 0, 0, 0, 0, 0 ],
[ 0, 0, 0, 0, 0, 1, 0, 0, 0, 0, 0, 0 ],
[ 0, 0, 0, 0, 0, 0, 0, 0, 0, 0, w^2, 0 ],
[ 0, 0, 0, 0, 0, 0, w^2, 0, 0, 0, 0, 0 ],
[ 0, 0, 0, 0, 0, 0, 0, 1, 0, 0, 0, 0 ],
[ 0, 0, 0, 0, 0, 0, 0, 0, 0, 0, 0, 1 ],
[ 0, 0, 0, 0, 0, 0, 0, 0, 0, w^2, 0, 0 ]
],
[
[ 1, 0, 0, 0, 0, 0, 0, 0, 0, 0, 0, 0 ],
[ 0, 0, 0, 0, 0, 0, 0, 0, 0, 0, w, 0 ],
[ 0, 0, 0, 0, 0, w, 0, 0, 0, 0, 0, 0 ],
[ 0, 0, 0, w, 0, 0, 0, 0, 0, 0, 0, 0 ],
[ 0, 0, w, 0, 0, 0, 0, 0, 0, 0, 0, 0 ],
[ 0, 0, 0, 0, 1, 0, 0, 0, 0, 0, 0, 0 ],
[ 0, 0, 0, 0, 0, 0, 0, 0, 0, 0, 0, 1 ],
[ 0, 0, 0, 0, 0, 0, 0, w, 0, 0, 0, 0 ],
[ 0, 1, 0, 0, 0, 0, 0, 0, 0, 0, 0, 0 ],
[ 0, 0, 0, 0, 0, 0, 1, 0, 0, 0, 0, 0 ],
[ 0, 0, 0, 0, 0, 0, 0, 0, 1, 0, 0, 0 ],
[ 0, 0, 0, 0, 0, 0, 0, 0, 0, w, 0, 0 ]
],
[
[ 1, 0, 0, 0, 0, 0, 0, 0, 0, 0, 0, 0 ],
[ 0, 0, 0, w^2, 0, 0, 0, 0, 0, 0, 0, 0 ],
[ 0, 0, 0, 0, w^2, 0, 0, 0, 0, 0, 0, 0 ],
[ 0, 0, 0, 0, 0, 0, 0, 0, 1, 0, 0, 0 ],
[ 0, 1, 0, 0, 0, 0, 0, 0, 0, 0, 0, 0 ],
[ 0, 0, 0, 0, 0, 0, 0, 1, 0, 0, 0, 0 ],
[ 0, 0, 0, 0, 0, 0, 0, 0, 0, 0, 0, 1 ],
[ 0, 0, 0, 0, 0, 0, 0, 0, 0, 0, w^2, 0 ],
[ 0, 0, 0, 0, 0, 0, w^2, 0, 0, 0, 0, 0 ],
[ 0, 0, 0, 0, 0, 0, 0, 0, 0, w^2, 0, 0 ],
[ 0, 0, w^2, 0, 0, 0, 0, 0, 0, 0, 0, 0 ],
[ 0, 0, 0, 0, 0, 1, 0, 0, 0, 0, 0, 0 ]
],
[
[ 1, 0, 0, 0, 0, 0, 0, 0, 0, 0, 0, 0 ],
[ 0, 0, 0, 0, w^2, 0, 0, 0, 0, 0, 0, 0 ],
[ 0, 0, 0, 0, 0, 0, 0, 0, 0, w^2, 0, 0 ],
[ 0, 0, 0, 0, 0, 0, 0, 0, 0, 0, 0, 1 ],
[ 0, 0, 0, 0, 0, 0, w^2, 0, 0, 0, 0, 0 ],
[ 0, 1, 0, 0, 0, 0, 0, 0, 0, 0, 0, 0 ],
[ 0, 0, 0, 0, 0, 0, 0, 1, 0, 0, 0, 0 ],
[ 0, 0, 0, 0, 0, 0, 0, 0, 1, 0, 0, 0 ],
[ 0, 0, 0, 0, 0, 1, 0, 0, 0, 0, 0, 0 ],
[ 0, 0, 0, 0, 0, 0, 0, 0, 0, 0, w^2, 0 ],
[ 0, 0, w^2, 0, 0, 0, 0, 0, 0, 0, 0, 0 ],
[ 0, 0, 0, w^2, 0, 0, 0, 0, 0, 0, 0, 0 ]
],
[
[ 1, 0, 0, 0, 0, 0, 0, 0, 0, 0, 0, 0 ],
[ 0, 0, 0, 0, 0, w, 0, 0, 0, 0, 0, 0 ],
[ 0, 0, w, 0, 0, 0, 0, 0, 0, 0, 0, 0 ],
[ 0, 0, 0, 0, 1, 0, 0, 0, 0, 0, 0, 0 ],
[ 0, 0, 0, 0, 0, 0, 0, 0, 0, 0, 0, 1 ],
[ 0, 0, 0, 0, 0, 0, 0, 0, 0, w, 0, 0 ],
[ 0, 0, 0, 0, 0, 0, 1, 0, 0, 0, 0, 0 ],
[ 0, 0, 0, 0, 0, 0, 0, 0, 0, 0, w, 0 ],
[ 0, 0, 0, w, 0, 0, 0, 0, 0, 0, 0, 0 ],
[ 0, 1, 0, 0, 0, 0, 0, 0, 0, 0, 0, 0 ],
[ 0, 0, 0, 0, 0, 0, 0, w, 0, 0, 0, 0 ],
[ 0, 0, 0, 0, 0, 0, 0, 0, 1, 0, 0, 0 ]
],
[
[ 1, 0, 0, 0, 0, 0, 0, 0, 0, 0, 0, 0 ],
[ 0, 0, 0, w^2, 0, 0, 0, 0, 0, 0, 0, 0 ],
[ 0, 0, 0, 0, w^2, 0, 0, 0, 0, 0, 0, 0 ],
[ 0, 0, 0, 0, 0, 1, 0, 0, 0, 0, 0, 0 ],
[ 0, 0, 0, 0, 0, 0, 0, 0, 1, 0, 0, 0 ],
[ 0, 0, 0, 0, 0, 0, 0, 1, 0, 0, 0, 0 ],
[ 0, 1, 0, 0, 0, 0, 0, 0, 0, 0, 0, 0 ],
[ 0, 0, 0, 0, 0, 0, w^2, 0, 0, 0, 0, 0 ],
[ 0, 0, 0, 0, 0, 0, 0, 0, 0, 0, 0, 1 ],
[ 0, 0, w^2, 0, 0, 0, 0, 0, 0, 0, 0, 0 ],
[ 0, 0, 0, 0, 0, 0, 0, 0, 0, w^2, 0, 0 ],
[ 0, 0, 0, 0, 0, 0, 0, 0, 0, 0, w^2, 0 ]
],
[
[ 1, 0, 0, 0, 0, 0, 0, 0, 0, 0, 0, 0 ],
[ 0, 1, 0, 0, 0, 0, 0, 0, 0, 0, 0, 0 ],
[ 0, 0, w^2, 0, 0, 0, 0, 0, 0, 0, 0, 0 ],
[ 0, 0, 0, 0, w^2, 0, 0, 0, 0, 0, 0, 0 ],
[ 0, 0, 0, 0, 0, 0, w^2, 0, 0, 0, 0, 0 ],
[ 0, 0, 0, 0, 0, 0, 0, 0, 0, 0, 0, 1 ],
[ 0, 0, 0, 0, 0, 0, 0, 0, 0, w^2, 0, 0 ],
[ 0, 0, 0, 0, 0, 0, 0, 0, 0, 0, w^2, 0 ],
[ 0, 0, 0, 0, 0, 0, 0, 1, 0, 0, 0, 0 ],
[ 0, 0, 0, 0, 0, 1, 0, 0, 0, 0, 0, 0 ],
[ 0, 0, 0, 0, 0, 0, 0, 0, 1, 0, 0, 0 ],
[ 0, 0, 0, w^2, 0, 0, 0, 0, 0, 0, 0, 0 ]
],
[
[ 1, 0, 0, 0, 0, 0, 0, 0, 0, 0, 0, 0 ],
[ 0, 0, 0, 0, 0, 0, 0, 0, 0, 0, w, 0 ],
[ 0, 0, w, 0, 0, 0, 0, 0, 0, 0, 0, 0 ],
[ 0, 0, 0, 0, 0, 0, 0, 0, 0, w, 0, 0 ],
[ 0, 0, 0, 0, 1, 0, 0, 0, 0, 0, 0, 0 ],
[ 0, 0, 0, 0, 0, 0, 0, 0, 1, 0, 0, 0 ],
[ 0, 1, 0, 0, 0, 0, 0, 0, 0, 0, 0, 0 ],
[ 0, 0, 0, 0, 0, w, 0, 0, 0, 0, 0, 0 ],
[ 0, 0, 0, w, 0, 0, 0, 0, 0, 0, 0, 0 ],
[ 0, 0, 0, 0, 0, 0, 1, 0, 0, 0, 0, 0 ],
[ 0, 0, 0, 0, 0, 0, 0, w, 0, 0, 0, 0 ],
[ 0, 0, 0, 0, 0, 0, 0, 0, 0, 0, 0, 1 ]
],
[
[ 1, 0, 0, 0, 0, 0, 0, 0, 0, 0, 0, 0 ],
[ 0, 0, 0, 0, w^2, 0, 0, 0, 0, 0, 0, 0 ],
[ 0, 0, 0, 0, 0, 1, 0, 0, 0, 0, 0, 0 ],
[ 0, 0, 0, 0, 0, 0, w^2, 0, 0, 0, 0, 0 ],
[ 0, 0, 0, 0, 0, 0, 0, 0, 0, w^2, 0, 0 ],
[ 0, 0, 0, w^2, 0, 0, 0, 0, 0, 0, 0, 0 ],
[ 0, 0, w^2, 0, 0, 0, 0, 0, 0, 0, 0, 0 ],
[ 0, 0, 0, 0, 0, 0, 0, 0, 0, 0, w^2, 0 ],
[ 0, 0, 0, 0, 0, 0, 0, 0, 1, 0, 0, 0 ],
[ 0, 0, 0, 0, 0, 0, 0, 1, 0, 0, 0, 0 ],
[ 0, 1, 0, 0, 0, 0, 0, 0, 0, 0, 0, 0 ],
[ 0, 0, 0, 0, 0, 0, 0, 0, 0, 0, 0, 1 ]
],
[
[ 1, 0, 0, 0, 0, 0, 0, 0, 0, 0, 0, 0 ],
[ 0, 0, 0, 0, 0, w, 0, 0, 0, 0, 0, 0 ],
[ 0, 1, 0, 0, 0, 0, 0, 0, 0, 0, 0, 0 ],
[ 0, 0, 0, 0, 1, 0, 0, 0, 0, 0, 0, 0 ],
[ 0, 0, 0, 0, 0, 0, 0, 0, 0, w, 0, 0 ],
[ 0, 0, w, 0, 0, 0, 0, 0, 0, 0, 0, 0 ],
[ 0, 0, 0, 0, 0, 0, 0, 0, 1, 0, 0, 0 ],
[ 0, 0, 0, w, 0, 0, 0, 0, 0, 0, 0, 0 ],
[ 0, 0, 0, 0, 0, 0, 0, 0, 0, 0, 0, 1 ],
[ 0, 0, 0, 0, 0, 0, 1, 0, 0, 0, 0, 0 ],
[ 0, 0, 0, 0, 0, 0, 0, 0, 0, 0, w, 0 ],
[ 0, 0, 0, 0, 0, 0, 0, w, 0, 0, 0, 0 ]
],
[
[ 1, 0, 0, 0, 0, 0, 0, 0, 0, 0, 0, 0 ],
[ 0, 0, 0, 0, 0, 0, 0, 0, 0, 0, w, 0 ],
[ 0, 0, 0, 0, 0, w, 0, 0, 0, 0, 0, 0 ],
[ 0, 0, 0, w, 0, 0, 0, 0, 0, 0, 0, 0 ],
[ 0, 1, 0, 0, 0, 0, 0, 0, 0, 0, 0, 0 ],
[ 0, 0, w, 0, 0, 0, 0, 0, 0, 0, 0, 0 ],
[ 0, 0, 0, 0, 0, 0, 0, 0, 0, w, 0, 0 ],
[ 0, 0, 0, 0, 0, 0, 0, w, 0, 0, 0, 0 ],
[ 0, 0, 0, 0, 1, 0, 0, 0, 0, 0, 0, 0 ],
[ 0, 0, 0, 0, 0, 0, 0, 0, 0, 0, 0, 1 ],
[ 0, 0, 0, 0, 0, 0, 1, 0, 0, 0, 0, 0 ],
[ 0, 0, 0, 0, 0, 0, 0, 0, 1, 0, 0, 0 ]
],
[
[ 1, 0, 0, 0, 0, 0, 0, 0, 0, 0, 0, 0 ],
[ 0, 0, 0, 0, 0, 0, 0, w, 0, 0, 0, 0 ],
[ 0, 0, 0, 0, 1, 0, 0, 0, 0, 0, 0, 0 ],
[ 0, 0, 0, 0, 0, 0, 0, 0, 0, 0, 0, 1 ],
[ 0, 0, 0, 0, 0, 0, 0, 0, 0, w, 0, 0 ],
[ 0, 1, 0, 0, 0, 0, 0, 0, 0, 0, 0, 0 ],
[ 0, 0, 0, 0, 0, 0, 0, 0, 0, 0, w, 0 ],
[ 0, 0, 0, w, 0, 0, 0, 0, 0, 0, 0, 0 ],
[ 0, 0, w, 0, 0, 0, 0, 0, 0, 0, 0, 0 ],
[ 0, 0, 0, 0, 0, 0, 0, 0, 1, 0, 0, 0 ],
[ 0, 0, 0, 0, 0, 0, 1, 0, 0, 0, 0, 0 ],
[ 0, 0, 0, 0, 0, w, 0, 0, 0, 0, 0, 0 ]
],
[
[ 1, 0, 0, 0, 0, 0, 0, 0, 0, 0, 0, 0 ],
[ 0, 0, 0, 0, 1, 0, 0, 0, 0, 0, 0, 0 ],
[ 0, 0, 0, 0, 0, 0, 0, w, 0, 0, 0, 0 ],
[ 0, 0, 0, w, 0, 0, 0, 0, 0, 0, 0, 0 ],
[ 0, 0, 0, 0, 0, 0, 0, 0, 0, 0, 0, 1 ],
[ 0, 0, 0, 0, 0, 0, 0, 0, 0, w, 0, 0 ],
[ 0, 0, 0, 0, 0, 0, 0, 0, 0, 0, w, 0 ],
[ 0, 0, 0, 0, 0, 0, 1, 0, 0, 0, 0, 0 ],
[ 0, 0, 0, 0, 0, w, 0, 0, 0, 0, 0, 0 ],
[ 0, 1, 0, 0, 0, 0, 0, 0, 0, 0, 0, 0 ],
[ 0, 0, 0, 0, 0, 0, 0, 0, 1, 0, 0, 0 ],
[ 0, 0, w, 0, 0, 0, 0, 0, 0, 0, 0, 0 ]
],
[
[ 1, 0, 0, 0, 0, 0, 0, 0, 0, 0, 0, 0 ],
[ 0, 0, 0, 0, 1, 0, 0, 0, 0, 0, 0, 0 ],
[ 0, 0, 0, 0, 0, 0, 0, 0, 0, 0, 0, 1 ],
[ 0, 0, 0, 0, 0, 0, 0, 0, 0, 0, w, 0 ],
[ 0, 0, 0, w, 0, 0, 0, 0, 0, 0, 0, 0 ],
[ 0, 0, 0, 0, 0, 0, 1, 0, 0, 0, 0, 0 ],
[ 0, 0, w, 0, 0, 0, 0, 0, 0, 0, 0, 0 ],
[ 0, 0, 0, 0, 0, 0, 0, w, 0, 0, 0, 0 ],
[ 0, 0, 0, 0, 0, 0, 0, 0, 1, 0, 0, 0 ],
[ 0, 1, 0, 0, 0, 0, 0, 0, 0, 0, 0, 0 ],
[ 0, 0, 0, 0, 0, 0, 0, 0, 0, w, 0, 0 ],
[ 0, 0, 0, 0, 0, w, 0, 0, 0, 0, 0, 0 ]
],
[
[ 1, 0, 0, 0, 0, 0, 0, 0, 0, 0, 0, 0 ],
[ 0, 0, 0, 0, w^2, 0, 0, 0, 0, 0, 0, 0 ],
[ 0, 1, 0, 0, 0, 0, 0, 0, 0, 0, 0, 0 ],
[ 0, 0, 0, 0, 0, 0, 0, 0, 0, 0, 0, 1 ],
[ 0, 0, 0, 0, 0, 0, w^2, 0, 0, 0, 0, 0 ],
[ 0, 0, 0, w^2, 0, 0, 0, 0, 0, 0, 0, 0 ],
[ 0, 0, 0, 0, 0, 0, 0, 1, 0, 0, 0, 0 ],
[ 0, 0, 0, 0, 0, 0, 0, 0, 1, 0, 0, 0 ],
[ 0, 0, 0, 0, 0, 0, 0, 0, 0, w^2, 0, 0 ],
[ 0, 0, 0, 0, 0, 1, 0, 0, 0, 0, 0, 0 ],
[ 0, 0, w^2, 0, 0, 0, 0, 0, 0, 0, 0, 0 ],
[ 0, 0, 0, 0, 0, 0, 0, 0, 0, 0, w^2, 0 ]
],
[
[ 1, 0, 0, 0, 0, 0, 0, 0, 0, 0, 0, 0 ],
[ 0, 0, 0, 0, w^2, 0, 0, 0, 0, 0, 0, 0 ],
[ 0, 0, 0, 0, 0, 1, 0, 0, 0, 0, 0, 0 ],
[ 0, 0, 0, 0, 0, 0, 0, 1, 0, 0, 0, 0 ],
[ 0, 0, w^2, 0, 0, 0, 0, 0, 0, 0, 0, 0 ],
[ 0, 0, 0, 0, 0, 0, 0, 0, 0, 0, w^2, 0 ],
[ 0, 0, 0, 0, 0, 0, 0, 0, 0, w^2, 0, 0 ],
[ 0, 0, 0, 0, 0, 0, w^2, 0, 0, 0, 0, 0 ],
[ 0, 0, 0, 0, 0, 0, 0, 0, 0, 0, 0, 1 ],
[ 0, 1, 0, 0, 0, 0, 0, 0, 0, 0, 0, 0 ],
[ 0, 0, 0, w^2, 0, 0, 0, 0, 0, 0, 0, 0 ],
[ 0, 0, 0, 0, 0, 0, 0, 0, 1, 0, 0, 0 ]
],
[
[ 1, 0, 0, 0, 0, 0, 0, 0, 0, 0, 0, 0 ],
[ 0, 0, 0, 0, 0, 0, 0, 0, 0, 0, w, 0 ],
[ 0, 0, 0, w, 0, 0, 0, 0, 0, 0, 0, 0 ],
[ 0, 0, 0, 0, 1, 0, 0, 0, 0, 0, 0, 0 ],
[ 0, 0, 0, 0, 0, 0, 1, 0, 0, 0, 0, 0 ],
[ 0, 0, 0, 0, 0, 0, 0, 0, 1, 0, 0, 0 ],
[ 0, 0, w, 0, 0, 0, 0, 0, 0, 0, 0, 0 ],
[ 0, 0, 0, 0, 0, w, 0, 0, 0, 0, 0, 0 ],
[ 0, 0, 0, 0, 0, 0, 0, 0, 0, w, 0, 0 ],
[ 0, 0, 0, 0, 0, 0, 0, w, 0, 0, 0, 0 ],
[ 0, 0, 0, 0, 0, 0, 0, 0, 0, 0, 0, 1 ],
[ 0, 1, 0, 0, 0, 0, 0, 0, 0, 0, 0, 0 ]
],
[
[ 1, 0, 0, 0, 0, 0, 0, 0, 0, 0, 0, 0 ],
[ 0, 0, 0, 0, 1, 0, 0, 0, 0, 0, 0, 0 ],
[ 0, 1, 0, 0, 0, 0, 0, 0, 0, 0, 0, 0 ],
[ 0, 0, 0, 0, 0, 0, 1, 0, 0, 0, 0, 0 ],
[ 0, 0, 0, w, 0, 0, 0, 0, 0, 0, 0, 0 ],
[ 0, 0, 0, 0, 0, 0, 0, w, 0, 0, 0, 0 ],
[ 0, 0, 0, 0, 0, 0, 0, 0, 0, 0, w, 0 ],
[ 0, 0, 0, 0, 0, 0, 0, 0, 1, 0, 0, 0 ],
[ 0, 0, 0, 0, 0, w, 0, 0, 0, 0, 0, 0 ],
[ 0, 0, 0, 0, 0, 0, 0, 0, 0, 0, 0, 1 ],
[ 0, 0, 0, 0, 0, 0, 0, 0, 0, w, 0, 0 ],
[ 0, 0, w, 0, 0, 0, 0, 0, 0, 0, 0, 0 ]
],
[
[ 1, 0, 0, 0, 0, 0, 0, 0, 0, 0, 0, 0 ],
[ 0, 0, 0, 0, 0, 1, 0, 0, 0, 0, 0, 0 ],
[ 0, 0, 0, 0, 0, 0, 0, 1, 0, 0, 0, 0 ],
[ 0, 0, 0, 0, w^2, 0, 0, 0, 0, 0, 0, 0 ],
[ 0, 0, 0, 0, 0, 0, 0, 0, 0, 0, w^2, 0 ],
[ 0, 1, 0, 0, 0, 0, 0, 0, 0, 0, 0, 0 ],
[ 0, 0, w^2, 0, 0, 0, 0, 0, 0, 0, 0, 0 ],
[ 0, 0, 0, 0, 0, 0, 0, 0, 1, 0, 0, 0 ],
[ 0, 0, 0, 0, 0, 0, 0, 0, 0, 0, 0, 1 ],
[ 0, 0, 0, 0, 0, 0, 0, 0, 0, w^2, 0, 0 ],
[ 0, 0, 0, w^2, 0, 0, 0, 0, 0, 0, 0, 0 ],
[ 0, 0, 0, 0, 0, 0, w^2, 0, 0, 0, 0, 0 ]
],
[
[ 1, 0, 0, 0, 0, 0, 0, 0, 0, 0, 0, 0 ],
[ 0, 0, 0, 0, w^2, 0, 0, 0, 0, 0, 0, 0 ],
[ 0, 0, 0, 0, 0, 0, w^2, 0, 0, 0, 0, 0 ],
[ 0, 0, 0, 0, 0, 0, 0, 0, 0, 0, w^2, 0 ],
[ 0, 0, 0, 0, 0, 0, 0, 0, 0, 0, 0, 1 ],
[ 0, 0, 0, 0, 0, 0, 0, 0, 0, w^2, 0, 0 ],
[ 0, 0, 0, w^2, 0, 0, 0, 0, 0, 0, 0, 0 ],
[ 0, 0, 0, 0, 0, 1, 0, 0, 0, 0, 0, 0 ],
[ 0, 1, 0, 0, 0, 0, 0, 0, 0, 0, 0, 0 ],
[ 0, 0, 0, 0, 0, 0, 0, 1, 0, 0, 0, 0 ],
[ 0, 0, w^2, 0, 0, 0, 0, 0, 0, 0, 0, 0 ],
[ 0, 0, 0, 0, 0, 0, 0, 0, 1, 0, 0, 0 ]
],
[
[ 1, 0, 0, 0, 0, 0, 0, 0, 0, 0, 0, 0 ],
[ 0, 0, 0, 0, 0, 0, 0, 1, 0, 0, 0, 0 ],
[ 0, 0, 0, 0, w^2, 0, 0, 0, 0, 0, 0, 0 ],
[ 0, 0, 0, 0, 0, 0, 0, 0, 0, 0, w^2, 0 ],
[ 0, 0, 0, 0, 0, 0, 0, 0, 0, w^2, 0, 0 ],
[ 0, 0, 0, 0, 0, 0, 0, 0, 1, 0, 0, 0 ],
[ 0, 0, 0, 0, 0, 0, w^2, 0, 0, 0, 0, 0 ],
[ 0, 0, 0, 0, 0, 1, 0, 0, 0, 0, 0, 0 ],
[ 0, 1, 0, 0, 0, 0, 0, 0, 0, 0, 0, 0 ],
[ 0, 0, w^2, 0, 0, 0, 0, 0, 0, 0, 0, 0 ],
[ 0, 0, 0, w^2, 0, 0, 0, 0, 0, 0, 0, 0 ],
[ 0, 0, 0, 0, 0, 0, 0, 0, 0, 0, 0, 1 ]
],
[
[ 1, 0, 0, 0, 0, 0, 0, 0, 0, 0, 0, 0 ],
[ 0, 0, 0, 0, 1, 0, 0, 0, 0, 0, 0, 0 ],
[ 0, 0, w, 0, 0, 0, 0, 0, 0, 0, 0, 0 ],
[ 0, 0, 0, 0, 0, 0, 0, 0, 1, 0, 0, 0 ],
[ 0, 0, 0, 0, 0, 0, 0, 0, 0, 0, w, 0 ],
[ 0, 0, 0, 0, 0, 0, 0, w, 0, 0, 0, 0 ],
[ 0, 0, 0, w, 0, 0, 0, 0, 0, 0, 0, 0 ],
[ 0, 0, 0, 0, 0, 0, 0, 0, 0, w, 0, 0 ],
[ 0, 0, 0, 0, 0, 0, 1, 0, 0, 0, 0, 0 ],
[ 0, 0, 0, 0, 0, w, 0, 0, 0, 0, 0, 0 ],
[ 0, 1, 0, 0, 0, 0, 0, 0, 0, 0, 0, 0 ],
[ 0, 0, 0, 0, 0, 0, 0, 0, 0, 0, 0, 1 ]
],
[
[ 1, 0, 0, 0, 0, 0, 0, 0, 0, 0, 0, 0 ],
[ 0, 0, 0, 0, 0, 0, 0, 1, 0, 0, 0, 0 ],
[ 0, 0, 0, 0, w^2, 0, 0, 0, 0, 0, 0, 0 ],
[ 0, 0, 0, 0, 0, 0, w^2, 0, 0, 0, 0, 0 ],
[ 0, 0, 0, w^2, 0, 0, 0, 0, 0, 0, 0, 0 ],
[ 0, 1, 0, 0, 0, 0, 0, 0, 0, 0, 0, 0 ],
[ 0, 0, 0, 0, 0, 0, 0, 0, 1, 0, 0, 0 ],
[ 0, 0, 0, 0, 0, 0, 0, 0, 0, w^2, 0, 0 ],
[ 0, 0, 0, 0, 0, 0, 0, 0, 0, 0, 0, 1 ],
[ 0, 0, 0, 0, 0, 0, 0, 0, 0, 0, w^2, 0 ],
[ 0, 0, 0, 0, 0, 1, 0, 0, 0, 0, 0, 0 ],
[ 0, 0, w^2, 0, 0, 0, 0, 0, 0, 0, 0, 0 ]
],
[
[ 1, 0, 0, 0, 0, 0, 0, 0, 0, 0, 0, 0 ],
[ 0, 0, 0, 0, w^2, 0, 0, 0, 0, 0, 0, 0 ],
[ 0, 0, 0, 0, 0, 0, 0, 0, 0, 0, w^2, 0 ],
[ 0, 0, 0, 0, 0, 0, w^2, 0, 0, 0, 0, 0 ],
[ 0, 0, w^2, 0, 0, 0, 0, 0, 0, 0, 0, 0 ],
[ 0, 0, 0, 0, 0, 1, 0, 0, 0, 0, 0, 0 ],
[ 0, 0, 0, 0, 0, 0, 0, 1, 0, 0, 0, 0 ],
[ 0, 0, 0, 0, 0, 0, 0, 0, 1, 0, 0, 0 ],
[ 0, 0, 0, 0, 0, 0, 0, 0, 0, 0, 0, 1 ],
[ 0, 1, 0, 0, 0, 0, 0, 0, 0, 0, 0, 0 ],
[ 0, 0, 0, w^2, 0, 0, 0, 0, 0, 0, 0, 0 ],
[ 0, 0, 0, 0, 0, 0, 0, 0, 0, w^2, 0, 0 ]
],
[
[ 1, 0, 0, 0, 0, 0, 0, 0, 0, 0, 0, 0 ],
[ 0, 0, 0, w, 0, 0, 0, 0, 0, 0, 0, 0 ],
[ 0, 0, 0, 0, 0, 0, 0, 0, 0, 0, w, 0 ],
[ 0, 0, 0, 0, 1, 0, 0, 0, 0, 0, 0, 0 ],
[ 0, 1, 0, 0, 0, 0, 0, 0, 0, 0, 0, 0 ],
[ 0, 0, 0, 0, 0, 0, 0, 0, 1, 0, 0, 0 ],
[ 0, 0, 0, 0, 0, 0, 0, w, 0, 0, 0, 0 ],
[ 0, 0, 0, 0, 0, 0, 1, 0, 0, 0, 0, 0 ],
[ 0, 0, w, 0, 0, 0, 0, 0, 0, 0, 0, 0 ],
[ 0, 0, 0, 0, 0, w, 0, 0, 0, 0, 0, 0 ],
[ 0, 0, 0, 0, 0, 0, 0, 0, 0, w, 0, 0 ],
[ 0, 0, 0, 0, 0, 0, 0, 0, 0, 0, 0, 1 ]
],
[
[ 1, 0, 0, 0, 0, 0, 0, 0, 0, 0, 0, 0 ],
[ 0, 0, 0, 0, w^2, 0, 0, 0, 0, 0, 0, 0 ],
[ 0, 0, 0, 0, 0, 0, 0, 1, 0, 0, 0, 0 ],
[ 0, 0, 0, 0, 0, 1, 0, 0, 0, 0, 0, 0 ],
[ 0, 0, 0, 0, 0, 0, 0, 0, 0, 0, w^2, 0 ],
[ 0, 0, 0, 0, 0, 0, 0, 0, 0, w^2, 0, 0 ],
[ 0, 0, 0, w^2, 0, 0, 0, 0, 0, 0, 0, 0 ],
[ 0, 0, 0, 0, 0, 0, 0, 0, 0, 0, 0, 1 ],
[ 0, 0, 0, 0, 0, 0, w^2, 0, 0, 0, 0, 0 ],
[ 0, 0, 0, 0, 0, 0, 0, 0, 1, 0, 0, 0 ],
[ 0, 1, 0, 0, 0, 0, 0, 0, 0, 0, 0, 0 ],
[ 0, 0, w^2, 0, 0, 0, 0, 0, 0, 0, 0, 0 ]
],
[
[ 1, 0, 0, 0, 0, 0, 0, 0, 0, 0, 0, 0 ],
[ 0, 0, 0, 0, 1, 0, 0, 0, 0, 0, 0, 0 ],
[ 0, 0, 0, 0, 0, w, 0, 0, 0, 0, 0, 0 ],
[ 0, 0, w, 0, 0, 0, 0, 0, 0, 0, 0, 0 ],
[ 0, 0, 0, 0, 0, 0, 0, 0, 0, w, 0, 0 ],
[ 0, 0, 0, 0, 0, 0, 0, w, 0, 0, 0, 0 ],
[ 0, 0, 0, 0, 0, 0, 0, 0, 0, 0, 0, 1 ],
[ 0, 0, 0, w, 0, 0, 0, 0, 0, 0, 0, 0 ],
[ 0, 0, 0, 0, 0, 0, 0, 0, 1, 0, 0, 0 ],
[ 0, 0, 0, 0, 0, 0, 1, 0, 0, 0, 0, 0 ],
[ 0, 0, 0, 0, 0, 0, 0, 0, 0, 0, w, 0 ],
[ 0, 1, 0, 0, 0, 0, 0, 0, 0, 0, 0, 0 ]
],
[
[ 1, 0, 0, 0, 0, 0, 0, 0, 0, 0, 0, 0 ],
[ 0, 0, 0, w^2, 0, 0, 0, 0, 0, 0, 0, 0 ],
[ 0, 0, 0, 0, 0, 0, 0, 1, 0, 0, 0, 0 ],
[ 0, 0, 0, 0, w^2, 0, 0, 0, 0, 0, 0, 0 ],
[ 0, 1, 0, 0, 0, 0, 0, 0, 0, 0, 0, 0 ],
[ 0, 0, 0, 0, 0, 0, 0, 0, 0, 0, w^2, 0 ],
[ 0, 0, 0, 0, 0, 0, 0, 0, 1, 0, 0, 0 ],
[ 0, 0, 0, 0, 0, 1, 0, 0, 0, 0, 0, 0 ],
[ 0, 0, 0, 0, 0, 0, 0, 0, 0, w^2, 0, 0 ],
[ 0, 0, 0, 0, 0, 0, w^2, 0, 0, 0, 0, 0 ],
[ 0, 0, 0, 0, 0, 0, 0, 0, 0, 0, 0, 1 ],
[ 0, 0, w^2, 0, 0, 0, 0, 0, 0, 0, 0, 0 ]
],
[
[ 1, 0, 0, 0, 0, 0, 0, 0, 0, 0, 0, 0 ],
[ 0, 0, 0, 0, 0, 0, 0, 0, 0, 0, 0, 1 ],
[ 0, 0, 0, 0, w^2, 0, 0, 0, 0, 0, 0, 0 ],
[ 0, 0, 0, 0, 0, 0, 0, 0, 1, 0, 0, 0 ],
[ 0, 0, w^2, 0, 0, 0, 0, 0, 0, 0, 0, 0 ],
[ 0, 0, 0, 0, 0, 0, 0, 1, 0, 0, 0, 0 ],
[ 0, 0, 0, 0, 0, 0, w^2, 0, 0, 0, 0, 0 ],
[ 0, 1, 0, 0, 0, 0, 0, 0, 0, 0, 0, 0 ],
[ 0, 0, 0, w^2, 0, 0, 0, 0, 0, 0, 0, 0 ],
[ 0, 0, 0, 0, 0, 0, 0, 0, 0, w^2, 0, 0 ],
[ 0, 0, 0, 0, 0, 1, 0, 0, 0, 0, 0, 0 ],
[ 0, 0, 0, 0, 0, 0, 0, 0, 0, 0, w^2, 0 ]
],
[
[ 1, 0, 0, 0, 0, 0, 0, 0, 0, 0, 0, 0 ],
[ 0, 0, 0, 0, w^2, 0, 0, 0, 0, 0, 0, 0 ],
[ 0, 0, 0, 0, 0, 0, 0, 0, 1, 0, 0, 0 ],
[ 0, 0, 0, 0, 0, 1, 0, 0, 0, 0, 0, 0 ],
[ 0, 1, 0, 0, 0, 0, 0, 0, 0, 0, 0, 0 ],
[ 0, 0, 0, 0, 0, 0, w^2, 0, 0, 0, 0, 0 ],
[ 0, 0, 0, 0, 0, 0, 0, 1, 0, 0, 0, 0 ],
[ 0, 0, 0, 0, 0, 0, 0, 0, 0, w^2, 0, 0 ],
[ 0, 0, 0, 0, 0, 0, 0, 0, 0, 0, 0, 1 ],
[ 0, 0, w^2, 0, 0, 0, 0, 0, 0, 0, 0, 0 ],
[ 0, 0, 0, w^2, 0, 0, 0, 0, 0, 0, 0, 0 ],
[ 0, 0, 0, 0, 0, 0, 0, 0, 0, 0, w^2, 0 ]
],
[
[ 1, 0, 0, 0, 0, 0, 0, 0, 0, 0, 0, 0 ],
[ 0, 0, 0, 0, 1, 0, 0, 0, 0, 0, 0, 0 ],
[ 0, 0, 0, 0, 0, 0, 0, 0, 0, 0, 0, 1 ],
[ 0, 0, 0, 0, 0, 0, 0, 0, 0, w, 0, 0 ],
[ 0, 0, 0, 0, 0, 0, 1, 0, 0, 0, 0, 0 ],
[ 0, 0, 0, 0, 0, 0, 0, 0, 1, 0, 0, 0 ],
[ 0, 0, 0, 0, 0, 0, 0, w, 0, 0, 0, 0 ],
[ 0, 0, 0, 0, 0, 0, 0, 0, 0, 0, w, 0 ],
[ 0, 1, 0, 0, 0, 0, 0, 0, 0, 0, 0, 0 ],
[ 0, 0, 0, w, 0, 0, 0, 0, 0, 0, 0, 0 ],
[ 0, 0, 0, 0, 0, w, 0, 0, 0, 0, 0, 0 ],
[ 0, 0, w, 0, 0, 0, 0, 0, 0, 0, 0, 0 ]
],
[
[ 1, 0, 0, 0, 0, 0, 0, 0, 0, 0, 0, 0 ],
[ 0, 0, w^2, 0, 0, 0, 0, 0, 0, 0, 0, 0 ],
[ 0, 0, 0, 0, w^2, 0, 0, 0, 0, 0, 0, 0 ],
[ 0, 0, 0, 0, 0, 0, 0, 0, 0, 0, 0, 1 ],
[ 0, 0, 0, 0, 0, 0, w^2, 0, 0, 0, 0, 0 ],
[ 0, 0, 0, 0, 0, 0, 0, 1, 0, 0, 0, 0 ],
[ 0, 0, 0, 0, 0, 1, 0, 0, 0, 0, 0, 0 ],
[ 0, 1, 0, 0, 0, 0, 0, 0, 0, 0, 0, 0 ],
[ 0, 0, 0, 0, 0, 0, 0, 0, 1, 0, 0, 0 ],
[ 0, 0, 0, 0, 0, 0, 0, 0, 0, w^2, 0, 0 ],
[ 0, 0, 0, w^2, 0, 0, 0, 0, 0, 0, 0, 0 ],
[ 0, 0, 0, 0, 0, 0, 0, 0, 0, 0, w^2, 0 ]
],
[
[ 1, 0, 0, 0, 0, 0, 0, 0, 0, 0, 0, 0 ],
[ 0, 0, 0, 0, w^2, 0, 0, 0, 0, 0, 0, 0 ],
[ 0, 0, 0, 0, 0, 0, 0, 0, 0, 0, w^2, 0 ],
[ 0, 0, 0, w^2, 0, 0, 0, 0, 0, 0, 0, 0 ],
[ 0, 0, 0, 0, 0, 0, 0, 0, 1, 0, 0, 0 ],
[ 0, 0, w^2, 0, 0, 0, 0, 0, 0, 0, 0, 0 ],
[ 0, 0, 0, 0, 0, 0, 0, 1, 0, 0, 0, 0 ],
[ 0, 0, 0, 0, 0, 0, 0, 0, 0, 0, 0, 1 ],
[ 0, 0, 0, 0, 0, 1, 0, 0, 0, 0, 0, 0 ],
[ 0, 0, 0, 0, 0, 0, 0, 0, 0, w^2, 0, 0 ],
[ 0, 0, 0, 0, 0, 0, w^2, 0, 0, 0, 0, 0 ],
[ 0, 1, 0, 0, 0, 0, 0, 0, 0, 0, 0, 0 ]
],
[
[ 1, 0, 0, 0, 0, 0, 0, 0, 0, 0, 0, 0 ],
[ 0, 0, 0, 0, w^2, 0, 0, 0, 0, 0, 0, 0 ],
[ 0, 0, 0, 0, 0, 0, w^2, 0, 0, 0, 0, 0 ],
[ 0, 0, 0, 0, 0, 0, 0, 0, 0, 0, 0, 1 ],
[ 0, 0, 0, 0, 0, 0, 0, 0, 1, 0, 0, 0 ],
[ 0, 0, 0, w^2, 0, 0, 0, 0, 0, 0, 0, 0 ],
[ 0, 0, 0, 0, 0, 0, 0, 1, 0, 0, 0, 0 ],
[ 0, 0, w^2, 0, 0, 0, 0, 0, 0, 0, 0, 0 ],
[ 0, 0, 0, 0, 0, 1, 0, 0, 0, 0, 0, 0 ],
[ 0, 1, 0, 0, 0, 0, 0, 0, 0, 0, 0, 0 ],
[ 0, 0, 0, 0, 0, 0, 0, 0, 0, 0, w^2, 0 ],
[ 0, 0, 0, 0, 0, 0, 0, 0, 0, w^2, 0, 0 ]
],
[
[ 1, 0, 0, 0, 0, 0, 0, 0, 0, 0, 0, 0 ],
[ 0, 0, 0, 0, w^2, 0, 0, 0, 0, 0, 0, 0 ],
[ 0, 1, 0, 0, 0, 0, 0, 0, 0, 0, 0, 0 ],
[ 0, 0, w^2, 0, 0, 0, 0, 0, 0, 0, 0, 0 ],
[ 0, 0, 0, 0, 0, 0, 0, 0, 0, w^2, 0, 0 ],
[ 0, 0, 0, 0, 0, 0, 0, 1, 0, 0, 0, 0 ],
[ 0, 0, 0, 0, 0, 0, 0, 0, 1, 0, 0, 0 ],
[ 0, 0, 0, 0, 0, 1, 0, 0, 0, 0, 0, 0 ],
[ 0, 0, 0, w^2, 0, 0, 0, 0, 0, 0, 0, 0 ],
[ 0, 0, 0, 0, 0, 0, 0, 0, 0, 0, w^2, 0 ],
[ 0, 0, 0, 0, 0, 0, w^2, 0, 0, 0, 0, 0 ],
[ 0, 0, 0, 0, 0, 0, 0, 0, 0, 0, 0, 1 ]
],
[
[ 1, 0, 0, 0, 0, 0, 0, 0, 0, 0, 0, 0 ],
[ 0, 1, 0, 0, 0, 0, 0, 0, 0, 0, 0, 0 ],
[ 0, 0, 0, 0, w^2, 0, 0, 0, 0, 0, 0, 0 ],
[ 0, 0, 0, w^2, 0, 0, 0, 0, 0, 0, 0, 0 ],
[ 0, 0, 0, 0, 0, 0, 0, 0, 0, w^2, 0, 0 ],
[ 0, 0, 0, 0, 0, 0, w^2, 0, 0, 0, 0, 0 ],
[ 0, 0, w^2, 0, 0, 0, 0, 0, 0, 0, 0, 0 ],
[ 0, 0, 0, 0, 0, 1, 0, 0, 0, 0, 0, 0 ],
[ 0, 0, 0, 0, 0, 0, 0, 0, 1, 0, 0, 0 ],
[ 0, 0, 0, 0, 0, 0, 0, 0, 0, 0, w^2, 0 ],
[ 0, 0, 0, 0, 0, 0, 0, 0, 0, 0, 0, 1 ],
[ 0, 0, 0, 0, 0, 0, 0, 1, 0, 0, 0, 0 ]
],
[
[ 1, 0, 0, 0, 0, 0, 0, 0, 0, 0, 0, 0 ],
[ 0, 0, 0, 0, 1, 0, 0, 0, 0, 0, 0, 0 ],
[ 0, 0, 0, 0, 0, w, 0, 0, 0, 0, 0, 0 ],
[ 0, 0, 0, 0, 0, 0, 0, 0, 0, 0, 0, 1 ],
[ 0, 0, 0, 0, 0, 0, 0, w, 0, 0, 0, 0 ],
[ 0, 0, 0, 0, 0, 0, 1, 0, 0, 0, 0, 0 ],
[ 0, 0, w, 0, 0, 0, 0, 0, 0, 0, 0, 0 ],
[ 0, 0, 0, 0, 0, 0, 0, 0, 0, 0, w, 0 ],
[ 0, 0, 0, 0, 0, 0, 0, 0, 1, 0, 0, 0 ],
[ 0, 0, 0, w, 0, 0, 0, 0, 0, 0, 0, 0 ],
[ 0, 1, 0, 0, 0, 0, 0, 0, 0, 0, 0, 0 ],
[ 0, 0, 0, 0, 0, 0, 0, 0, 0, w, 0, 0 ]
],
[
[ 1, 0, 0, 0, 0, 0, 0, 0, 0, 0, 0, 0 ],
[ 0, 0, 0, 0, 1, 0, 0, 0, 0, 0, 0, 0 ],
[ 0, 0, 0, 0, 0, 0, 0, 0, 0, 0, 0, 1 ],
[ 0, 0, 0, 0, 0, w, 0, 0, 0, 0, 0, 0 ],
[ 0, 0, 0, 0, 0, 0, 0, w, 0, 0, 0, 0 ],
[ 0, 0, 0, 0, 0, 0, 0, 0, 1, 0, 0, 0 ],
[ 0, 0, 0, 0, 0, 0, 1, 0, 0, 0, 0, 0 ],
[ 0, 0, 0, w, 0, 0, 0, 0, 0, 0, 0, 0 ],
[ 0, 1, 0, 0, 0, 0, 0, 0, 0, 0, 0, 0 ],
[ 0, 0, w, 0, 0, 0, 0, 0, 0, 0, 0, 0 ],
[ 0, 0, 0, 0, 0, 0, 0, 0, 0, w, 0, 0 ],
[ 0, 0, 0, 0, 0, 0, 0, 0, 0, 0, w, 0 ]
],
[
[ 1, 0, 0, 0, 0, 0, 0, 0, 0, 0, 0, 0 ],
[ 0, 0, 0, 0, w^2, 0, 0, 0, 0, 0, 0, 0 ],
[ 0, 0, 0, 0, 0, 0, 0, 0, 0, 0, 0, 1 ],
[ 0, 0, 0, 0, 0, 0, 0, 0, 1, 0, 0, 0 ],
[ 0, 0, 0, 0, 0, 0, 0, 1, 0, 0, 0, 0 ],
[ 0, 0, 0, 0, 0, 0, w^2, 0, 0, 0, 0, 0 ],
[ 0, 0, w^2, 0, 0, 0, 0, 0, 0, 0, 0, 0 ],
[ 0, 0, 0, 0, 0, 0, 0, 0, 0, w^2, 0, 0 ],
[ 0, 0, 0, w^2, 0, 0, 0, 0, 0, 0, 0, 0 ],
[ 0, 1, 0, 0, 0, 0, 0, 0, 0, 0, 0, 0 ],
[ 0, 0, 0, 0, 0, 0, 0, 0, 0, 0, w^2, 0 ],
[ 0, 0, 0, 0, 0, 1, 0, 0, 0, 0, 0, 0 ]
],
[
[ 1, 0, 0, 0, 0, 0, 0, 0, 0, 0, 0, 0 ],
[ 0, 0, 0, w^2, 0, 0, 0, 0, 0, 0, 0, 0 ],
[ 0, 0, 0, 0, 0, 0, 0, 1, 0, 0, 0, 0 ],
[ 0, 0, 0, 0, 0, 1, 0, 0, 0, 0, 0, 0 ],
[ 0, 0, 0, 0, w^2, 0, 0, 0, 0, 0, 0, 0 ],
[ 0, 1, 0, 0, 0, 0, 0, 0, 0, 0, 0, 0 ],
[ 0, 0, 0, 0, 0, 0, 0, 0, 0, 0, 0, 1 ],
[ 0, 0, 0, 0, 0, 0, w^2, 0, 0, 0, 0, 0 ],
[ 0, 0, w^2, 0, 0, 0, 0, 0, 0, 0, 0, 0 ],
[ 0, 0, 0, 0, 0, 0, 0, 0, 1, 0, 0, 0 ],
[ 0, 0, 0, 0, 0, 0, 0, 0, 0, w^2, 0, 0 ],
[ 0, 0, 0, 0, 0, 0, 0, 0, 0, 0, w^2, 0 ]
],
[
[ 1, 0, 0, 0, 0, 0, 0, 0, 0, 0, 0, 0 ],
[ 0, 0, 0, 0, 1, 0, 0, 0, 0, 0, 0, 0 ],
[ 0, 0, 0, w, 0, 0, 0, 0, 0, 0, 0, 0 ],
[ 0, 0, 0, 0, 0, 0, 1, 0, 0, 0, 0, 0 ],
[ 0, 0, 0, 0, 0, w, 0, 0, 0, 0, 0, 0 ],
[ 0, 1, 0, 0, 0, 0, 0, 0, 0, 0, 0, 0 ],
[ 0, 0, 0, 0, 0, 0, 0, w, 0, 0, 0, 0 ],
[ 0, 0, 0, 0, 0, 0, 0, 0, 1, 0, 0, 0 ],
[ 0, 0, 0, 0, 0, 0, 0, 0, 0, 0, 0, 1 ],
[ 0, 0, w, 0, 0, 0, 0, 0, 0, 0, 0, 0 ],
[ 0, 0, 0, 0, 0, 0, 0, 0, 0, w, 0, 0 ],
[ 0, 0, 0, 0, 0, 0, 0, 0, 0, 0, w, 0 ]
]
];
